1695827606690 1.0 8000
1695827652145 1.0 12000
1695827698643 1.0 16000
1695827745540 1.0 20000
1695827792028 1.0 24000
1695827839249 1.0 28000
1695827885958 1.0 32000
1695827933136 1.0 36000
1695827979291 1.0 40000
1695828025218 1.0 44000
1695828071951 1.0 48000
1695828118398 1.0 52000
1695828164280 1.0 56000
1695828210842 1.0 60000
1695828256981 1.0 64000
1695828305500 1.0 68000
1695828352092 1.0 72000
1695828397948 1.0 76000
1695828444983 1.0 80000
1695828491387 1.0 84000
1695828538049 1.0 88000
1695828584112 1.0 92000
1695828632027 1.0 96000
1695828678732 1.0 100000
1695828725529 1.0 104000
1695828771432 1.0 108000
1695828818197 1.0 112000
1695828865350 1.0 116000
1695828911367 1.0 120000
1695828958006 1.0 124000
1695829004792 1.0 128000
1695829052192 1.0 132000
1695829099170 1.0 136000
1695829146299 1.0 140000
1695829193371 1.0 144000
1695829239904 1.0 148000
1695829287431 1.0 152000
1695829334797 1.0 156000
1695829382920 1.0 160000
1695829431159 1.0 164000
