1695827606690 1.0 8000
1695827652145 1.0 12000
1695827698643 0.2727272727272727 16000
1695827745540 0.2727272727272727 20000
1695827792026 0.25 24000
1695827839249 0.15 28000
1695827885958 0.18181818181818182 32000
1695827933136 0.2962962962962963 36000
1695827979291 0.2903225806451613 40000
1695828025218 0.2727272727272727 44000
1695828071951 0.2702702702702703 48000
1695828118398 0.3023255813953488 52000
1695828164280 0.30434782608695654 56000
1695828210842 0.3269230769230769 60000
1695828256981 0.3333333333333333 64000
1695828305500 0.3275862068965517 68000
1695828352092 0.32786885245901637 72000
1695828397948 0.3181818181818182 76000
1695828444983 0.3142857142857143 80000
1695828491384 0.33783783783783783 84000
1695828538049 0.33766233766233766 88000
1695828584097 0.35294117647058826 92000
1695828632025 0.367816091954023 96000
1695828678732 0.36363636363636365 100000
1695828725529 0.35789473684210527 104000
1695828771432 0.39 108000
1695828818197 0.42 112000
1695828865350 0.46 116000
1695828911367 0.51 120000
1695828958006 0.51 124000
1695829004792 0.54 128000
1695829052192 0.6 132000
1695829099170 0.62 136000
1695829146299 0.64 140000
1695829193371 0.66 144000
1695829239904 0.69 148000
1695829287431 0.71 152000
1695829334795 0.74 156000
1695829382920 0.77 160000
1695829431157 0.82 164000
