1695827606690 0.0 8000
1695827652145 0.0 12000
1695827698643 0.0 16000
1695827745540 0.0 20000
1695827792033 0.0 24000
1695827839266 0.0 28000
1695827885958 0.0 32000
1695827933152 0.0 36000
1695827979306 0.0 40000
1695828025218 0.0 44000
1695828071966 0.0 48000
1695828118398 0.0 52000
1695828164280 0.0 56000
1695828210842 0.0 60000
1695828256981 0.0 64000
1695828305500 0.0 68000
1695828352108 0.0 72000
1695828397948 0.0 76000
1695828444983 0.0 80000
1695828491390 0.0 84000
1695828538065 0.0 88000
1695828584114 0.0 92000
1695828632032 0.0 96000
1695828678732 0.0 100000
1695828725529 0.0 104000
1695828771448 0.0 108000
1695828818213 0.0 112000
1695828865361 0.0 116000
1695828911367 0.0 120000
1695828958022 0.0 124000
1695829004807 0.0 128000
1695829052192 0.0 132000
1695829099170 0.0 136000
1695829146314 0.0 140000
1695829193387 0.0 144000
1695829239920 0.0 148000
1695829287431 0.0 152000
1695829334802 0.0 156000
1695829382936 0.0 160000
1695829431163 0.0 164000
