1695830818438 480.5 4000
1695830862983 1440.5 8000
1695830907733 2400.5 12000
1695830954301 3360.5 16000
1695831002709 4320.5 20000
1695831049823 5280.5 24000
1695831097341 6240.5 28000
1695831144828 7200.5 32000
1695831191324 8160.5 36000
1695831241018 9120.5 40000
1695831287675 10080.5 44000
1695831333935 11040.5 48000
1695831380748 12000.5 52000
1695831430601 12960.5 56000
1695831477762 13920.5 60000
1695831525929 14880.5 64000
1695831573313 15840.5 68000
1695831620556 16800.5 72000
1695831667980 17760.5 76000
1695831716076 18720.5 80000
1695831763172 19680.5 84000
1695831811306 20640.5 88000
1695831859937 21600.5 92000
1695831908392 22560.5 96000
1695831956072 23520.5 100000
1695832003369 24480.5 104000
1695832050634 25440.5 108000
1695832097848 26400.5 112000
1695832145115 27360.5 116000
1695832192857 28320.5 120000
