1695827563250 2.0 4000
1695827606769 2.0 8000
1695827652225 2.0 12000
1695827698721 2.0 16000
1695827745618 2.0 20000
1695827792093 2.0 24000
1695827839339 2.0 28000
1695827886021 2.0 32000
1695827933215 2.0 36000
1695827979371 2.0 40000
1695828025298 2.0 44000
1695828072029 2.0 48000
1695828118462 2.0 52000
1695828164343 2.0 56000
1695828210926 2.0 60000
1695828257061 2.0 64000
1695828305565 2.0 68000
1695828352173 2.0 72000
1695828398019 2.0 76000
1695828445063 2.0 80000
1695828491462 2.0 84000
1695828538129 2.0 88000
1695828584177 2.0 92000
1695828632101 2.0 96000
1695828678812 2.0 100000
1695828725594 2.0 104000
1695828771512 2.0 108000
1695828818277 2.0 112000
1695828865425 2.0 116000
1695828911445 2.0 120000
1695828958086 2.0 124000
1695829004871 2.0 128000
1695829052256 2.0 132000
1695829099248 2.0 136000
1695829146378 2.0 140000
1695829193451 2.0 144000
1695829239984 2.0 148000
1695829287510 2.0 152000
1695829334877 2.0 156000
1695829382999 2.0 160000
1695829431229 2.0 164000
