1695830818438 2.0 4000
1695830862983 2.0 8000
1695830907748 2.0 12000
1695830954304 2.0 16000
1695831002709 2.0 20000
1695831049823 2.0 24000
1695831097345 2.0 28000
1695831144828 2.0 32000
1695831191337 2.0 36000
1695831241018 2.0 40000
1695831287690 2.0 44000
1695831333950 2.0 48000
1695831380748 2.0 52000
1695831430601 2.0 56000
1695831477762 2.0 60000
1695831525933 2.0 64000
1695831573318 2.0 68000
1695831620556 2.0 72000
1695831667980 2.0 76000
1695831716076 2.0 80000
1695831763190 2.0 84000
1695831811306 2.0 88000
1695831859941 2.0 92000
1695831908392 2.0 96000
1695831956072 2.0 100000
1695832003369 2.0 104000
1695832050634 2.0 108000
1695832097852 2.0 112000
1695832145131 2.0 116000
1695832192861 2.0 120000
