1695836266581 0.4944333605000037 16000
1695836314157 0.4944333605000037 20000
1695836360645 0.48612123681818514 24000
1695836417938 0.4640545766665201 28000
1695836468614 0.4842900730157334 32000
1695836516384 0.45435180579697393 36000
1695836563010 0.45777148556248193 40000
1695836609862 0.45490788925401476 44000
1695836657142 0.47796457577403095 48000
1695836704697 0.4519948894079263 52000
1695836751580 0.4506779408857818 56000
1695836798775 0.4857497568290044 60000
1695836847018 0.4771449348492911 64000
1695836894668 0.47688719102871674 68000
1695836941851 0.4725481884642904 72000
1695836989123 0.46843744570774254 76000
1695837036051 0.463197528104267 80000
1695837083383 0.4596603991412619 84000
1695837129681 0.47021544707696566 88000
1695837177225 0.46871245475645235 92000
1695837225450 0.4589249571376917 96000
1695837273013 0.4733219484879101 100000
1695837319290 0.47214761638105507 104000
1695837366037 0.46537674158149567 108000
1695837413570 0.4623450524836113 112000
1695837464432 0.48803985528043137 116000
1695837514613 0.48923016415798976 120000
1695837563437 0.48681195884457124 124000
1695837610615 0.4929519588445712 128000
1695837658350 0.4870014588445711 132000
1695837706050 0.5106608119394295 136000
1695837753533 0.5171108119394294 140000
1695837803733 0.5071208119394293 144000
1695837852105 0.5060808119394291 148000
1695837899889 0.509327744317591 152000
1695837947062 0.5149072139821506 156000
1695837993972 0.5152707038877246 160000
1695838041508 0.5091407038877245 164000
1695838089605 0.5146507038877245 168000
1695838138675 0.5164006969372923 172000
1695838190521 0.5168006969372825 176000
