1695836266565 0.7033767376359299 16000
1695836314157 0.7033767376359299 20000
1695836360645 0.7929444991638088 24000
1695836417938 0.8536668869046201 28000
1695836468614 0.8385004577663049 32000
1695836516384 0.8764802869960253 36000
1695836563010 0.9148289850724112 40000
1695836609862 0.9380252109673713 44000
1695836657142 0.973507139935432 48000
1695836704697 0.9937669740173958 52000
1695836751580 1.0007407853295616 56000
1695836798774 1.0120315633034693 60000
1695836847017 1.0470515122969954 64000
1695836894652 1.069494242209136 68000
1695836941851 1.1127947943782988 72000
1695836989123 1.1411433623835259 76000
1695837036051 1.148596584171676 80000
1695837083383 1.147651985744905 84000
1695837129681 1.1439367994134813 88000
1695837177225 1.1503832864051857 92000
1695837225450 1.170389617750849 96000
1695837273011 1.1804468248554314 100000
1695837319290 1.1937521709973538 104000
1695837366037 1.2044067202336597 108000
1695837413559 1.2084917680369172 112000
1695837464432 1.1880691131195733 116000
1695837514613 1.2045531149549078 120000
1695837563437 1.241241413104413 124000
1695837610615 1.2441283454825744 128000
1695837658335 1.256919374188898 132000
1695837706050 1.2644115433631253 136000
1695837753533 1.2598615433631253 140000
1695837803733 1.2921014318531845 144000
1695837852105 1.3221520727376699 148000
1695837899889 1.3454686926158415 152000
1695837947062 1.3506338749940028 156000
1695837993972 1.3469200025721642 160000
1695838041508 1.3611248048284879 164000
1695838089605 1.3740651046903856 168000
1695838138675 1.3769751116408173 172000
1695838190520 1.3684351116408269 176000
