1695836266422 1.0 16000
1695836314025 1.0 20000
1695836360500 1.0 24000
1695836417765 1.0 28000
1695836468463 1.0 32000
1695836516236 1.0 36000
1695836562866 1.0 40000
1695836609720 1.0 44000
1695836656998 1.0 48000
1695836704554 1.0 52000
1695836751433 1.0 56000
1695836798633 1.0 60000
1695836846872 1.0 64000
1695836894522 1.0 68000
1695836941706 1.0 72000
1695836988980 1.0 76000
1695837035907 1.0 80000
1695837083240 1.0 84000
1695837129538 1.0 88000
1695837177083 1.0 92000
1695837225304 1.0 96000
1695837272849 1.0 100000
1695837319155 1.0 104000
1695837365894 1.0 108000
1695837413424 1.0 112000
1695837464288 1.0 116000
1695837514460 1.0 120000
1695837563287 1.0 124000
1695837610488 1.0 128000
1695837658202 1.0 132000
1695837705911 1.0 136000
1695837753390 1.0 140000
1695837803589 1.0 144000
1695837851963 1.0 148000
1695837899731 1.0 152000
1695837946917 1.0 156000
1695837993812 1.0 160000
1695838041365 1.0 164000
1695838089445 1.0 168000
1695838138532 1.0 172000
1695838190374 1.0 176000
