1695836266422 0.1 16000
1695836314025 0.1 20000
1695836360500 0.18181818181818182 24000
1695836417765 0.1 28000
1695836468463 0.14285714285714285 32000
1695836516236 0.17391304347826086 36000
1695836562866 0.13333333333333333 40000
1695836609720 0.16129032258064516 44000
1695836656998 0.23529411764705882 48000
1695836704554 0.225 52000
1695836751433 0.21951219512195122 56000
1695836798631 0.2391304347826087 60000
1695836846870 0.24 64000
1695836894522 0.2549019607843137 68000
1695836941706 0.2631578947368421 72000
1695836988980 0.26666666666666666 76000
1695837035907 0.25806451612903225 80000
1695837083240 0.2537313432835821 84000
1695837129538 0.2535211267605634 88000
1695837177083 0.2638888888888889 92000
1695837225303 0.25 96000
1695837272849 0.24390243902439024 100000
1695837319140 0.25 104000
1695837365894 0.2441860465116279 108000
1695837413422 0.23076923076923078 112000
1695837464286 0.24210526315789474 116000
1695837514460 0.25252525252525254 120000
1695837563287 0.25 124000
1695837610472 0.25 128000
1695837658202 0.25 132000
1695837705895 0.24 136000
1695837753390 0.24 140000
1695837803589 0.25 144000
1695837851963 0.23 148000
1695837899731 0.24 152000
1695837946917 0.25 156000
1695837993812 0.23 160000
1695838041365 0.21 164000
1695838089445 0.2 168000
1695838138532 0.2 172000
1695838190372 0.18 176000
