1695836266422 0.0 16000
1695836314029 0.0 20000
1695836360500 0.0 24000
1695836417765 0.0 28000
1695836468463 0.0 32000
1695836516236 0.0 36000
1695836562866 0.0 40000
1695836609720 0.0 44000
1695836656998 0.0 48000
1695836704554 0.0 52000
1695836751433 0.0 56000
1695836798638 0.0 60000
1695836846878 0.0 64000
1695836894522 0.0 68000
1695836941706 0.0 72000
1695836988996 0.0 76000
1695837035907 0.0 80000
1695837083240 0.0 84000
1695837129538 0.0 88000
1695837177083 0.0 92000
1695837225310 0.0 96000
1695837272863 0.0 100000
1695837319155 0.0 104000
1695837365894 0.0 108000
1695837413425 0.0 112000
1695837464290 0.0 116000
1695837514471 0.0 120000
1695837563287 0.0 124000
1695837610489 0.0 128000
1695837658202 0.0 132000
1695837705911 0.0 136000
1695837753405 0.0 140000
1695837803589 0.0 144000
1695837851978 0.0 148000
1695837899746 0.0 152000
1695837946917 0.0 156000
1695837993828 0.0 160000
1695838041365 0.0 164000
1695838089445 0.0 168000
1695838138532 0.0 172000
1695838190379 0.0 176000
