1695830818386 1.0 4000
1695830862934 1.0 8000
1695830907700 1.0 12000
1695830954246 1.0 16000
1695831002661 1.0 20000
1695831049775 1.0 24000
1695831097302 1.0 28000
1695831144779 1.0 32000
1695831191284 1.0 36000
1695831240985 1.0 40000
1695831287643 1.0 44000
1695831333902 1.0 48000
1695831380700 1.0 52000
1695831430555 1.0 56000
1695831477715 1.0 60000
1695831525890 1.0 64000
1695831573273 1.0 68000
1695831620518 1.0 72000
1695831667939 1.0 76000
1695831716028 1.0 80000
1695831763141 1.0 84000
1695831811257 1.0 88000
1695831859896 1.0 92000
1695831908352 1.0 96000
1695831956025 1.0 100000
1695832003322 1.0 104000
1695832050587 1.0 108000
1695832097800 1.0 112000
1695832145084 1.0 116000
1695832192817 1.0 120000
