1695830818375 2.0 4000
1695830862934 2.0 8000
1695830907700 2.0 12000
1695830954246 2.0 16000
1695831002661 2.0 20000
1695831049775 2.0 24000
1695831097299 2.0 28000
1695831144779 2.0 32000
1695831191284 2.0 36000
1695831240982 2.0 40000
1695831287628 2.0 44000
1695831333902 2.0 48000
1695831380700 2.0 52000
1695831430555 2.0 56000
1695831477715 2.0 60000
1695831525887 2.0 64000
1695831573270 2.0 68000
1695831620502 2.0 72000
1695831667939 2.0 76000
1695831716028 2.0 80000
1695831763141 2.0 84000
1695831811257 2.0 88000
1695831859894 2.0 92000
1695831908336 2.0 96000
1695831956025 2.0 100000
1695832003322 2.0 104000
1695832050587 2.0 108000
1695832097800 2.0 112000
1695832145067 2.0 116000
1695832192815 2.0 120000
