1695827563266 5.0000000000000016e-05 4000
1695827606785 5.0000000000000016e-05 8000
1695827652225 5.0000000000000016e-05 12000
1695827698737 5.0000000000000016e-05 16000
1695827745633 5.0000000000000016e-05 20000
1695827792109 5.0000000000000016e-05 24000
1695827839345 5.0000000000000016e-05 28000
1695827886038 5.0000000000000016e-05 32000
1695827933232 5.0000000000000016e-05 36000
1695827979386 5.0000000000000016e-05 40000
1695828025314 5.0000000000000016e-05 44000
1695828072045 5.0000000000000016e-05 48000
1695828118478 5.0000000000000016e-05 52000
1695828164361 5.0000000000000016e-05 56000
1695828210942 5.0000000000000016e-05 60000
1695828257077 5.0000000000000016e-05 64000
1695828305580 5.0000000000000016e-05 68000
1695828352188 5.0000000000000016e-05 72000
1695828398028 5.0000000000000016e-05 76000
1695828445078 5.0000000000000016e-05 80000
1695828491476 5.0000000000000016e-05 84000
1695828538145 5.0000000000000016e-05 88000
1695828584192 5.0000000000000016e-05 92000
1695828632114 5.0000000000000016e-05 96000
1695828678828 5.0000000000000016e-05 100000
1695828725609 5.0000000000000016e-05 104000
1695828771528 5.0000000000000016e-05 108000
1695828818292 5.0000000000000016e-05 112000
1695828865441 5.0000000000000016e-05 116000
1695828911461 5.0000000000000016e-05 120000
1695828958101 5.0000000000000016e-05 124000
1695829004887 5.0000000000000016e-05 128000
1695829052272 5.0000000000000016e-05 132000
1695829099264 5.0000000000000016e-05 136000
1695829146394 5.0000000000000016e-05 140000
1695829193467 5.0000000000000016e-05 144000
1695829240000 5.0000000000000016e-05 148000
1695829287510 5.0000000000000016e-05 152000
1695829334891 5.0000000000000016e-05 156000
1695829383014 5.0000000000000016e-05 160000
1695829431234 5.0000000000000016e-05 164000
