1695827563265 0.20000000000000004 4000
1695827606785 0.20000000000000004 8000
1695827652225 0.20000000000000004 12000
1695827698737 0.20000000000000004 16000
1695827745633 0.20000000000000004 20000
1695827792109 0.20000000000000004 24000
1695827839345 0.20000000000000004 28000
1695827886038 0.20000000000000004 32000
1695827933232 0.20000000000000004 36000
1695827979386 0.20000000000000004 40000
1695828025314 0.20000000000000004 44000
1695828072045 0.20000000000000004 48000
1695828118478 0.20000000000000004 52000
1695828164361 0.20000000000000004 56000
1695828210933 0.20000000000000004 60000
1695828257077 0.20000000000000004 64000
1695828305580 0.20000000000000004 68000
1695828352188 0.20000000000000004 72000
1695828398028 0.20000000000000004 76000
1695828445078 0.20000000000000004 80000
1695828491475 0.20000000000000004 84000
1695828538129 0.20000000000000004 88000
1695828584192 0.20000000000000004 92000
1695828632113 0.20000000000000004 96000
1695828678828 0.20000000000000004 100000
1695828725609 0.20000000000000004 104000
1695828771528 0.20000000000000004 108000
1695828818292 0.20000000000000004 112000
1695828865441 0.20000000000000004 116000
1695828911450 0.20000000000000004 120000
1695828958101 0.20000000000000004 124000
1695829004887 0.20000000000000004 128000
1695829052272 0.20000000000000004 132000
1695829099264 0.20000000000000004 136000
1695829146394 0.20000000000000004 140000
1695829193451 0.20000000000000004 144000
1695829240000 0.20000000000000004 148000
1695829287510 0.20000000000000004 152000
1695829334890 0.20000000000000004 156000
1695829383014 0.20000000000000004 160000
1695829431234 0.20000000000000004 164000
