1695827563272 1.9363115042448045 4000
1695827606785 1.923697073260943 8000
1695827652241 1.9035071956614653 12000
1695827698737 1.8807698951413234 16000
1695827745633 1.8559451382607222 20000
1695827792109 1.83988318182528 24000
1695827839345 1.8217963880548875 28000
1695827886055 1.8006127630670865 32000
1695827933232 1.7785632943113645 36000
1695827979386 1.7691778841118018 40000
1695828025314 1.744517781585455 44000
1695828072045 1.7120257085810104 48000
1695828118493 1.6592314728846154 52000
1695828164376 1.6370847220222156 56000
1695828210942 1.6215452944238982 60000
1695828257077 1.6267905623962482 64000
1695828305596 1.6097379339238007 68000
1695828352188 1.6158087568978468 72000
1695828398044 1.5922208434591691 76000
1695828445078 1.5368623811751605 80000
1695828491481 1.5496403192480406 84000
1695828538145 1.5367418605834247 88000
1695828584192 1.469506847858429 92000
1695828632120 1.454554906487465 96000
1695828678828 1.3909342259168624 100000
1695828725609 1.444892556220293 104000
1695828771528 1.358137167741855 108000
1695828818292 1.3469684778402249 112000
1695828865451 1.193966044485569 116000
1695828911461 1.2520383925487597 120000
1695828958101 1.2327871239433685 124000
1695829004887 1.252734467635552 128000
1695829052272 1.0639935772866012 132000
1695829099281 1.0471537573883931 136000
1695829146394 1.1591829515372714 140000
1695829193467 0.9568017966424426 144000
1695829240000 0.9761080631986261 148000
1695829287526 1.090685011136035 152000
1695829334897 1.1349580003569524 156000
1695829383014 1.057157452094058 160000
1695829431250 0.8117132432137927 164000
