1695827563264 0.6260939802353581 4000
1695827606785 0.7320424970549841 8000
1695827652225 0.8330528407357634 12000
1695827698721 0.985620319408675 16000
1695827745633 1.0380243770157298 20000
1695827792109 0.9925145791533093 24000
1695827839345 1.0882146350108086 28000
1695827886038 1.1139032115538916 32000
1695827933231 1.1767440159494678 36000
1695827979386 1.233659805264324 40000
1695828025314 1.1896079158720871 44000
1695828072045 1.2629930259039004 48000
1695828118478 1.358861431417366 52000
1695828164361 1.360302446472148 56000
1695828210933 1.2942521710569659 60000
1695828257077 1.256975579354912 64000
1695828305580 1.244090969922642 68000
1695828352188 1.2732087903966507 72000
1695828398028 1.269899462411801 76000
1695828445078 1.2660429415603478 80000
1695828491474 1.282051150749127 84000
1695828538129 1.3167394472906986 88000
1695828584192 1.3026783363272747 92000
1695828632113 1.4669879684224725 96000
1695828678828 1.3718258306384086 100000
1695828725609 1.3271854513014356 104000
1695828771528 1.3699165284633636 108000
1695828818292 1.4308034308875601 112000
1695828865441 1.3707694541662931 116000
1695828911450 1.4403693844253818 120000
1695828958101 1.4410596995304028 124000
1695829004887 1.3796636210754514 128000
1695829052272 1.5698286628971496 132000
1695829099264 1.497882934163014 136000
1695829146394 1.443779164738953 140000
1695829193451 1.438405811631431 144000
1695829240000 1.212700563793381 148000
1695829287510 1.474564201788356 152000
1695829334889 1.5376399320239822 156000
1695829383014 1.3543454011902214 160000
1695829431234 1.4254873504241308 164000
