1695827563271 0.009476237372081357 4000
1695827606785 0.0071789954631715225 8000
1695827652241 0.013188429050474326 12000
1695827698737 0.013835084564446732 16000
1695827745633 0.013100797535443102 20000
1695827792109 0.009370811507557893 24000
1695827839345 0.014824540493618744 28000
1695827886054 0.01256177270728589 32000
1695827933232 0.012928266648205036 36000
1695827979386 0.010518037422675283 40000
1695828025314 0.011218032433763863 44000
1695828072045 0.01423632684879344 48000
1695828118478 0.013203214683023221 52000
1695828164361 0.012665811482565677 56000
1695828210942 0.013961375253180553 60000
1695828257077 0.01302871551625681 64000
1695828305596 0.01420140408718603 68000
1695828352188 0.01229809667581799 72000
1695828398044 0.015134704236167333 76000
1695828445078 0.011543169845941892 80000
1695828491480 0.013590021826092306 84000
1695828538145 0.01361433435323723 88000
1695828584192 0.00999883165791915 92000
1695828632119 0.013286688438854503 96000
1695828678828 0.013064688406410462 100000
1695828725609 0.009531730587849013 104000
1695828771528 0.012703012296039635 108000
1695828818292 0.009860435544076368 112000
1695828865451 0.009903093866112773 116000
1695828911461 0.010199839320623882 120000
1695828958101 0.011232683445777943 124000
1695829004887 0.01245622657511437 128000
1695829052272 0.010696941448433837 132000
1695829099280 0.009752357675157601 136000
1695829146394 0.009825868802916077 140000
1695829193467 0.007802174715701919 144000
1695829240000 0.008920916344891339 148000
1695829287526 0.013580545294440687 152000
1695829334896 0.012159578579743164 156000
1695829383014 0.009143891649633577 160000
1695829431245 0.012301116871261305 164000
