1695827563268 -0.014301599985628854 4000
1695827606785 -0.011720997906134773 8000
1695827652241 -0.019520283631572967 12000
1695827698737 -0.019853571585554165 16000
1695827745633 -0.02241480303685724 20000
1695827792109 -0.017697986184066393 24000
1695827839345 -0.020874386047944428 28000
1695827886038 -0.021471641747727213 32000
1695827933232 -0.016619338166007462 36000
1695827979386 -0.017836408141981033 40000
1695828025314 -0.018554288005786172 44000
1695828072045 -0.021943408605875448 48000
1695828118478 -0.020076728922140318 52000
1695828164361 -0.017875690824682048 56000
1695828210942 -0.024290094374252173 60000
1695828257077 -0.014397668715294762 64000
1695828305580 -0.018373520373521992 68000
1695828352188 -0.01811605209222762 72000
1695828398028 -0.018808071739719403 76000
1695828445078 -0.014399213415163103 80000
1695828491477 -0.022499203966678274 84000
1695828538145 -0.018902311575463196 88000
1695828584192 -0.016231078060809524 92000
1695828632116 -0.022113367864706863 96000
1695828678828 -0.02291838121600449 100000
1695828725609 -0.012614389815037914 104000
1695828771528 -0.02077730129288587 108000
1695828818292 -0.01807267619151389 112000
1695828865441 -0.015979477153450716 116000
1695828911461 -0.013745573201595107 120000
1695828958101 -0.019659453786637946 124000
1695829004887 -0.018730151957909887 128000
1695829052272 -0.017021830303807897 132000
1695829099264 -0.021584651609009596 136000
1695829146394 -0.01907234686029066 140000
1695829193467 -0.017556663802436864 144000
1695829240000 -0.015046382835134865 148000
1695829287526 -0.019819535858793338 152000
1695829334893 -0.019634979751329714 156000
1695829383014 -0.015012300964735914 160000
1695829431245 -0.016310780027076057 164000
