1695827563267 -0.0022254826492220064 4000
1695827606785 -0.007671887563810742 8000
1695827652241 -0.01778362478253257 12000
1695827698737 -0.012493119128339458 16000
1695827745633 -0.01991834574121943 20000
1695827792109 -0.015497589380053493 24000
1695827839345 -0.014136842561129015 28000
1695827886038 -0.018896046307660678 32000
1695827933232 -0.014088513998588799 36000
1695827979386 -0.013805020341775769 40000
1695828025314 -0.013184194716571559 44000
1695828072045 -0.017162143407646605 48000
1695828118478 -0.011793303241574904 52000
1695828164361 -0.007904708065689192 56000
1695828210942 -0.019805043141968782 60000
1695828257077 -0.006781934983640288 64000
1695828305580 -0.009218447384531222 68000
1695828352188 -0.009173664520252109 72000
1695828398028 -0.01132401466917751 76000
1695828445078 -0.005888994297129102 80000
1695828491477 -0.019175482697513267 84000
1695828538145 -0.014953250910851541 88000
1695828584192 -0.0077758769824868065 92000
1695828632115 -0.017535058242356173 96000
1695828678828 -0.02060696153102981 100000
1695828725609 -0.006511118019443529 104000
1695828771528 -0.005608690659088703 108000
1695828818292 -0.011723528853720685 112000
1695828865441 -0.00519386712051831 116000
1695828911461 -0.00142138629865561 120000
1695828958101 -0.009088388123685339 124000
1695829004887 -0.008975834885010652 128000
1695829052272 -0.000841698992644524 132000
1695829099264 -0.015805711361099383 136000
1695829146394 -0.012385158146116737 140000
1695829193467 -0.012416136703177472 144000
1695829240000 -0.009007055985906239 148000
1695829287526 -0.008530768228471668 152000
1695829334892 -0.008706369013210254 156000
1695829383014 -0.006155385099312601 160000
1695829431245 -0.003813479129712505 164000
