1695827563270 -0.031543966631094614 4000
1695827606785 0.08124409156541029 8000
1695827652241 -0.03673239424824715 12000
1695827698737 0.33586697485297917 16000
1695827745633 0.40007864677657684 20000
1695827792109 0.31577375580867134 24000
1695827839345 0.45307467511544625 28000
1695827886038 0.5357772154733539 32000
1695827933232 0.5035971739639838 36000
1695827979386 0.41845459726949535 40000
1695828025314 0.5978225946426392 44000
1695828072045 0.5787919498359163 48000
1695828118478 0.6548330423732599 52000
1695828164361 0.34348940445731085 56000
1695828210942 0.59256310587128 60000
1695828257077 0.5327691079427799 64000
1695828305580 0.371129006271561 68000
1695828352188 0.44488865534464517 72000
1695828398028 0.3772658433765173 76000
1695828445078 0.566485247015953 80000
1695828491479 0.5421761169408759 84000
1695828538145 0.6116063924506306 88000
1695828584192 0.6241011198610067 92000
1695828632118 0.4822744222978751 96000
1695828678828 0.6747629084934791 100000
1695828725609 0.46124893178542453 104000
1695828771528 0.5480251720796029 108000
1695828818292 0.606510628759861 112000
1695828865441 0.500616974507769 116000
1695828911461 0.465089296673735 120000
1695828958101 0.6246264290064574 124000
1695829004887 0.5787987059603135 128000
1695829052272 0.6506758423522114 132000
1695829099264 0.6584316521883011 136000
1695829146394 0.6378386905416846 140000
1695829193467 0.801632671803236 144000
1695829240000 0.7091519614681602 148000
1695829287526 0.6499556071435412 152000
1695829334895 0.630044982706507 156000
1695829383014 0.667616316365699 160000
1695829431245 0.769261257785062 164000
