1695827563269 0.024234362996260948 4000
1695827606785 0.00907401595322881 8000
1695827652241 0.0020049614335221123 12000
1695827698737 0.012948412006274642 16000
1695827745633 0.0034644867390549432 20000
1695827792109 0.004332234412868274 24000
1695827839345 0.011188864814903355 28000
1695827886038 0.0037277079680279714 32000
1695827933232 0.003447466743273253 36000
1695827979386 0.007393916825700823 40000
1695828025314 0.009742008875400643 44000
1695828072045 0.007292050822919312 48000
1695828118478 0.014604028256144375 52000
1695828164361 0.01814981028486121 56000
1695828210942 0.006628643192986298 60000
1695828257077 0.013273562506219605 64000
1695828305580 0.015849060454638676 68000
1695828352188 0.016197153456838958 72000
1695828398028 0.012098674805019981 76000
1695828445078 0.0154768948724571 80000
1695828491478 0.004310715486280969 84000
1695828538145 0.00552587130550819 88000
1695828584192 0.015849882663072398 92000
1695828632117 0.00675105388496983 96000
1695828678828 0.002178833692172096 100000
1695828725609 0.011283636870939518 104000
1695828771528 0.027972291618061716 108000
1695828818292 0.011448057228941858 112000
1695828865441 0.0199979161300386 116000
1695828911461 0.023072515986374734 120000
1695828958101 0.019114632579294265 124000
1695829004887 0.01703161270003572 128000
1695829052272 0.030209473752377865 132000
1695829099264 0.009751245416797854 136000
1695829146394 0.011762396134630156 140000
1695829193467 0.00907378624942794 144000
1695829240000 0.010462503961995632 148000
1695829287526 0.019326687654393028 152000
1695829334894 0.019263306397382014 156000
1695829383014 0.01617059101893877 160000
1695829431245 0.02169758172725172 164000
