1695836266565 -0.18300000000000013 16000
1695836314157 -0.18300000000000013 20000
1695836360645 -0.18300000000000013 24000
1695836417938 -0.18300000000000013 28000
1695836468599 -0.18300000000000013 32000
1695836516378 -0.18300000000000013 36000
1695836562994 -0.18300000000000013 40000
1695836609846 -0.18300000000000013 44000
1695836657142 -0.18300000000000013 48000
1695836704681 -0.18300000000000013 52000
1695836751565 -0.18300000000000013 56000
1695836798771 -0.18300000000000013 60000
1695836847013 -0.18300000000000013 64000
1695836894652 -0.18300000000000013 68000
1695836941835 -0.18300000000000013 72000
1695836989123 -0.18300000000000013 76000
1695837036051 -0.18300000000000013 80000
1695837083383 -0.32700000000000023 84000
1695837129681 -0.32700000000000023 88000
1695837177225 -0.32700000000000023 92000
1695837225450 -0.32700000000000023 96000
1695837273008 -0.32700000000000023 100000
1695837319290 -0.32700000000000023 104000
1695837366037 -0.32700000000000023 108000
1695837413559 -0.32700000000000023 112000
1695837464418 -0.32700000000000023 116000
1695837514613 -0.32700000000000023 120000
1695837563421 -0.32700000000000023 124000
1695837610615 -0.32700000000000023 128000
1695837658335 -0.32700000000000023 132000
1695837706050 -0.32700000000000023 136000
1695837753533 -0.32700000000000023 140000
1695837803733 -0.32700000000000023 144000
1695837852105 -0.32700000000000023 148000
1695837899873 -0.32700000000000023 152000
1695837947062 -0.32700000000000023 156000
1695837993957 -0.32700000000000023 160000
1695838041508 -0.32700000000000023 164000
1695838089605 -0.32700000000000023 168000
1695838138675 -0.32700000000000023 172000
1695838190516 -0.32700000000000023 176000
