1695836266565 -0.17300000000000013 16000
1695836314157 -0.17300000000000013 20000
1695836360645 -0.17300000000000013 24000
1695836417938 -0.18400000000000014 28000
1695836468599 -0.18400000000000014 32000
1695836516378 -0.18400000000000014 36000
1695836562994 -0.18400000000000014 40000
1695836609846 -0.18400000000000014 44000
1695836657142 -0.18400000000000014 48000
1695836704697 -0.18400000000000014 52000
1695836751565 -0.18400000000000014 56000
1695836798772 -0.18400000000000014 60000
1695836847014 -0.18400000000000014 64000
1695836894652 -0.18400000000000014 68000
1695836941835 -0.18400000000000014 72000
1695836989123 -0.18400000000000014 76000
1695837036051 -0.18400000000000014 80000
1695837083383 -0.18400000000000014 84000
1695837129681 -0.18400000000000014 88000
1695837177225 -0.18400000000000014 92000
1695837225450 -0.18400000000000014 96000
1695837273009 -0.18400000000000014 100000
1695837319290 -0.18400000000000014 104000
1695837366037 -0.18400000000000014 108000
1695837413559 -0.18400000000000014 112000
1695837464418 -0.18400000000000014 116000
1695837514613 -0.18400000000000014 120000
1695837563421 -0.18400000000000014 124000
1695837610615 -0.18400000000000014 128000
1695837658335 -0.18400000000000014 132000
1695837706050 -0.18400000000000014 136000
1695837753533 -0.1360000000000001 140000
1695837803733 -0.09900000000000007 144000
1695837852105 -0.09200000000000007 148000
1695837899889 -0.09200000000000007 152000
1695837947062 -0.09200000000000007 156000
1695837993957 -0.09200000000000007 160000
1695838041508 -0.09200000000000007 164000
1695838089605 -0.09200000000000007 168000
1695838138675 -0.09200000000000007 172000
1695838190517 -0.09200000000000007 176000
