1695832489615 0.0 12000
1695832536910 0.0 16000
1695832583909 0.0 20000
1695832630989 0.0 24000
1695832679513 0.03790230978102911 28000
1695832726550 0.03790230978102911 32000
1695832772795 0.0653238296508789 36000
1695832820073 0.07379837334156036 40000
1695832867829 0.07379837334156036 44000
1695832915182 0.08938709894816081 48000
1695832962221 0.09753965749973204 52000
1695833010540 0.09640795843941825 56000
1695833058428 0.09220043818155925 60000
1695833105380 0.08156299591064453 64000
1695833151651 0.07848514700835606 68000
1695833198053 0.0731591592755234 72000
1695833244537 0.06858559905505571 76000
1695833290643 0.06537064909934998 80000
1695833336867 0.07192483846692072 84000
1695833383429 0.06706505208402067 88000
1695833431298 0.06452226019524909 92000
1695833480089 0.07186815142631531 96000
1695833527592 0.07011526968421006 100000
1695833575295 0.0751066481930086 104000
1695833622033 0.0726684280063795 108000
1695833668650 0.07271753980758343 112000
1695833716543 0.07253049575176436 116000
1695833763179 0.07247626781463623 120000
1695833810039 0.07348167896270752 124000
1695833857728 0.07712900638580322 128000
1695833906468 0.07712900638580322 132000
1695833954097 0.07862865924835205 136000
1695834000621 0.07328522205352783 140000
1695834047792 0.07413733005523682 144000
1695834094395 0.06877148151397705 148000
1695834141879 0.069771409034729 152000
1695834188727 0.06394755840301514 156000
1695834235385 0.057884812355041504 160000
1695834282278 0.051459670066833496 164000
