1695832489615 0.0 12000
1695832536925 0.0 16000
1695832583909 0.0 20000
1695832630989 0.0 24000
1695832679513 0.0 28000
1695832726550 0.0 32000
1695832772795 0.0 36000
1695832820077 0.0 40000
1695832867829 0.0 44000
1695832915182 0.0 48000
1695832962222 0.0 52000
1695833010541 0.0 56000
1695833058428 0.0 60000
1695833105380 0.0 64000
1695833151651 0.0 68000
1695833198053 0.0 72000
1695833244537 0.0 76000
1695833290643 0.0 80000
1695833336867 0.0 84000
1695833383429 0.0 88000
1695833431298 0.0 92000
1695833480089 0.0 96000
1695833527592 0.0 100000
1695833575295 0.0 104000
1695833622035 0.0 108000
1695833668651 0.0 112000
1695833716544 0.0 116000
1695833763180 0.0005005598068237305 120000
1695833810040 0.0005005598068237305 124000
1695833857729 0.0005005598068237305 128000
1695833906469 0.0005005598068237305 132000
1695833954098 0.0005005598068237305 136000
1695834000621 0.0005005598068237305 140000
1695834047793 0.0005005598068237305 144000
1695834094396 0.0005005598068237305 148000
1695834141880 0.0005005598068237305 152000
1695834188728 0.0005005598068237305 156000
1695834235386 0.0009989738464355469 160000
1695834282278 0.0014858245849609375 164000
