1695839678091 0.0 16000
1695839711572 0.0 20000
1695839744850 1.0 24000
1695839779361 1.0 28000
1695839814008 1.0 32000
1695839850672 1.0 36000
1695839886514 1.0 40000
1695839924036 1.0 44000
1695839959750 1.0 48000
1695839995882 1.0 52000
1695840031097 1.0 56000
1695840065178 1.0 60000
1695840100401 1.0 64000
1695840134514 1.0 68000
1695840169072 1.0 72000
1695840204645 1.0 76000
1695840240071 1.0 80000
1695840276898 1.0 84000
1695840312959 1.0 88000
1695840348331 1.0 92000
1695840382492 1.0 96000
1695840416473 1.0 100000
1695840451434 1.0 104000
1695840486134 1.0 108000
1695840521168 1.0 112000
1695840555321 1.0 116000
1695840589260 1.0 120000
