1695839678091 0.0 16000
1695839711572 0.0 20000
1695839744850 0.16666666666666666 24000
1695839779361 0.1 28000
1695839813992 0.1 32000
1695839850672 0.13636363636363635 36000
1695839886512 0.1 40000
1695839924034 0.12903225806451613 44000
1695839959748 0.14705882352941177 48000
1695839995882 0.16666666666666666 52000
1695840031094 0.20454545454545456 56000
1695840065178 0.23404255319148937 60000
1695840100399 0.20754716981132076 64000
1695840134514 0.21818181818181817 68000
1695840169070 0.2413793103448276 72000
1695840204645 0.296875 76000
1695840240067 0.3142857142857143 80000
1695840276898 0.35135135135135137 84000
1695840312959 0.379746835443038 88000
1695840348329 0.40229885057471265 92000
1695840382492 0.44086021505376344 96000
1695840416459 0.48 100000
1695840451434 0.54 104000
1695840486134 0.57 108000
1695840521168 0.62 112000
1695840555304 0.64 116000
1695840589260 0.71 120000
