1695839678107 0.0 16000
1695839711572 0.0 20000
1695839744850 0.0 24000
1695839779361 0.0 28000
1695839814008 0.0 32000
1695839850672 0.0 36000
1695839886519 0.0 40000
1695839924041 0.0 44000
1695839959751 0.0 48000
1695839995882 0.0 52000
1695840031102 0.0 56000
1695840065183 0.0 60000
1695840100406 0.0 64000
1695840134532 0.0 68000
1695840169077 0.0 72000
1695840204645 0.0 76000
1695840240075 0.0 80000
1695840276910 0.0 84000
1695840312959 0.0 88000
1695840348336 0.0 92000
1695840382509 0.0 96000
1695840416476 0.0 100000
1695840451434 0.0 104000
1695840486150 0.0 108000
1695840521168 0.0 112000
1695840555321 0.0 116000
1695840589276 0.0 120000
