1695830907557 0.0 12000
1695830954119 0.0 16000
1695831002503 0.0 20000
1695831049640 0.0 24000
1695831097157 0.0 28000
1695831144652 0.0 32000
1695831191157 0.0 36000
1695831240843 0.0 40000
1695831287501 0.0 44000
1695831333775 0.0 48000
1695831380572 0.0 52000
1695831430426 0.0 56000
1695831477588 0.0 60000
1695831525748 0.0 64000
1695831573113 0.0 68000
1695831620375 0.0 72000
1695831667799 0.0 76000
1695831715885 0.0 80000
1695831762994 0.0 84000
1695831811131 0.0 88000
1695831859744 0.0 92000
1695831908206 0.0 96000
1695831955881 0.0 100000
1695832003186 0.0 104000
1695832050452 0.0 108000
1695832097671 0.0 112000
1695832144938 0.0 116000
1695832192679 0.0 120000
