1695830907557 3.6343648769178554 12000
1695830954119 3.760142089118089 16000
1695831002503 3.768155322579433 20000
1695831049640 3.767488133625476 24000
1695831097155 3.8049492775313096 28000
1695831144652 3.8116999478711526 32000
1695831191157 3.8148648450766536 36000
1695831240843 3.8302278365499682 40000
1695831287501 3.8342578094242654 44000
1695831333759 3.840247141074737 48000
1695831380572 3.8464066620117823 52000
1695831430410 3.850437805813971 56000
1695831477588 3.8552637060706316 60000
1695831525744 3.862574553899557 64000
1695831573113 3.8653114466130303 68000
1695831620375 3.8680387576763775 72000
1695831667799 3.8685139318261537 76000
1695831715885 3.874445682119066 80000
1695831762994 3.8755411719749637 84000
1695831811131 3.8794349035253024 88000
1695831859744 3.8823417899275805 92000
1695831908203 3.8862288610242186 96000
1695831955881 3.8894253204596794 100000
1695832003186 3.8896108357233294 104000
1695832050452 3.892711757931279 108000
1695832097656 3.895871743399697 112000
1695832144938 3.8954620894784107 116000
1695832192664 3.898440447276513 120000
