1695830907557 0.5351975001860022 12000
1695830954103 0.530193525082344 16000
1695831002503 0.5321997934081084 20000
1695831049640 0.5293344261640894 24000
1695831097154 0.5325235851482206 28000
1695831144639 0.5342955259525609 32000
1695831191157 0.5351289374621326 36000
1695831240843 0.5368395638018763 40000
1695831287501 0.5373510820641889 44000
1695831333759 0.5396236771849892 48000
1695831380572 0.5398727317843323 52000
1695831430410 0.5403839871954038 56000
1695831477588 0.5420011832539908 60000
1695831525743 0.5421715506977186 64000
1695831573113 0.5425621154619203 68000
1695831620375 0.5434790328208279 72000
1695831667799 0.5438588969095942 76000
1695831715885 0.5437756813379039 80000
1695831762994 0.5440208586330926 84000
1695831811131 0.5454201339840345 88000
1695831859744 0.5454621593741039 92000
1695831908201 0.5460668713084597 96000
1695831955881 0.546960307748321 100000
1695832003186 0.5467660847234267 104000
1695832050451 0.5474647645049503 108000
1695832097656 0.5481974396753531 112000
1695832144938 0.5479490774102693 116000
1695832192664 0.5485244652428071 120000
