1695830907557 0.21498765079901674 12000
1695830954119 0.18088111892439898 16000
1695831002503 0.1815556902801112 20000
1695831049640 0.18116235715064302 24000
1695831097156 0.1804199614662653 28000
1695831144652 0.17882818640631667 32000
1695831191157 0.18012614414531142 36000
1695831240843 0.1795079667469049 40000
1695831287501 0.179099682817396 44000
1695831333775 0.1798204767330226 48000
1695831380572 0.1791329955849251 52000
1695831430426 0.17947441751721996 56000
1695831477588 0.18002043053500288 60000
1695831525745 0.17981229786443664 64000
1695831573113 0.17985149594097885 68000
1695831620375 0.1799577692338747 72000
1695831667799 0.17998014994666628 76000
1695831715885 0.18053042995249818 80000
1695831762994 0.18060123924791752 84000
1695831811131 0.18077715133870595 88000
1695831859744 0.18101493036727506 92000
1695831908204 0.18127356956140464 96000
1695831955881 0.18175776519578354 100000
1695832003186 0.18176300079161273 104000
1695832050452 0.18200510147042503 108000
1695832097656 0.18230399202429295 112000
1695832144938 0.18229921171103425 116000
1695832192664 0.18249927572614677 120000
