1695830907557 0.2735578249535096 12000
1695830954119 0.21180998901680947 16000
1695831002503 0.21251096303411177 20000
1695831049640 0.21580113077062102 24000
1695831097157 0.2138081921221266 28000
1695831144652 0.2156664443041739 32000
1695831191157 0.21447946846680746 36000
1695831240843 0.21501546074335065 40000
1695831287501 0.21569555567261808 44000
1695831333775 0.2138118447141413 48000
1695831380572 0.21349247027728052 52000
1695831430426 0.21388444173695606 56000
1695831477588 0.21290728051658855 60000
1695831525746 0.21269542753955706 64000
1695831573113 0.21329371924049148 68000
1695831620375 0.21382009868331178 72000
1695831667799 0.21346303537886063 76000
1695831715885 0.213380288319108 80000
1695831762994 0.2134620456460077 84000
1695831811131 0.21366883624603833 88000
1695831859744 0.21349830052087848 92000
1695831908205 0.21438065632223596 96000
1695831955881 0.21404716309480828 100000
1695832003186 0.2140192720601797 104000
1695832050452 0.21473893504067762 108000
1695832097656 0.21446452568707383 112000
1695832144938 0.2146800427859014 116000
1695832192664 0.21510842517442832 120000
