1695832399469 0.0 4000
1695832445180 0.0 8000
1695832489833 0.0 12000
1695832537115 0.0 16000
1695832584115 0.0 20000
1695832631212 0.0 24000
1695832679720 0.0 28000
1695832726757 0.0 32000
1695832773003 0.0 36000
1695832820277 0.0 40000
1695832868053 0.0 44000
1695832915372 0.0 48000
1695832962437 0.0 52000
1695833010740 0.0 56000
1695833058682 0.0 60000
1695833105586 0.0 64000
1695833151857 0.0 68000
1695833198251 0.0 72000
1695833244725 0.0 76000
1695833290851 0.0 80000
1695833337073 0.0 84000
1695833383636 0.0 88000
1695833431525 0.0 92000
1695833480307 0.0 96000
1695833527799 0.0 100000
1695833575513 0.0 104000
1695833622243 0.0 108000
1695833668851 0.0 112000
1695833716745 0.0 116000
1695833763389 0.0 120000
1695833810238 0.0 124000
1695833857988 0.0 128000
1695833906674 0.0 132000
1695833954308 0.0 136000
1695834000826 0.0 140000
1695834047997 0.0 144000
1695834094600 0.0 148000
1695834142076 0.0 152000
1695834188925 0.0 156000
1695834235583 0.0 160000
1695834282483 0.0 164000
