1695832399467 0.7 4000
1695832445180 0.7 8000
1695832489833 0.7 12000
1695832537115 0.7 16000
1695832584100 0.7 20000
1695832631212 0.7 24000
1695832679720 0.7 28000
1695832726757 0.7 32000
1695832773001 0.7 36000
1695832820277 0.7 40000
1695832868051 0.7 44000
1695832915372 0.7 48000
1695832962437 0.7 52000
1695833010739 0.7 56000
1695833058666 0.7 60000
1695833105586 0.7 64000
1695833151857 0.7 68000
1695833198251 0.7 72000
1695833244725 0.7 76000
1695833290851 0.7 80000
1695833337073 0.7 84000
1695833383636 0.7 88000
1695833431523 0.7 92000
1695833480305 0.7 96000
1695833527784 0.7 100000
1695833575511 0.7 104000
1695833622242 0.7 108000
1695833668849 0.7 112000
1695833716743 0.7 116000
1695833763387 0.7 120000
1695833810236 0.7 124000
1695833857985 0.7 128000
1695833906672 0.7 132000
1695833954306 0.7 136000
1695834000825 0.7 140000
1695834047995 0.7 144000
1695834094598 0.7 148000
1695834142074 0.7 152000
1695834188923 0.7 156000
1695834235581 0.7 160000
1695834282481 0.7 164000
