1695832399470 0.001 4000
1695832445180 0.001 8000
1695832489833 0.001 12000
1695832537115 0.001 16000
1695832584115 0.001 20000
1695832631212 0.001 24000
1695832679720 0.001 28000
1695832726757 0.001 32000
1695832773004 0.001 36000
1695832820277 0.001 40000
1695832868053 0.001 44000
1695832915372 0.001 48000
1695832962452 0.001 52000
1695833010741 0.001 56000
1695833058682 0.001 60000
1695833105586 0.001 64000
1695833151857 0.001 68000
1695833198263 0.001 72000
1695833244725 0.001 76000
1695833290851 0.001 80000
1695833337073 0.001 84000
1695833383636 0.001 88000
1695833431525 0.001 92000
1695833480308 0.001 96000
1695833527799 0.001 100000
1695833575514 0.001 104000
1695833622244 0.001 108000
1695833668852 0.001 112000
1695833716746 0.001 116000
1695833763390 0.001 120000
1695833810238 0.001 124000
1695833857989 0.001 128000
1695833906674 0.001 132000
1695833954309 0.001 136000
1695834000827 0.001 140000
1695834047998 0.001 144000
1695834094601 0.001 148000
1695834142077 0.001 152000
1695834188926 0.001 156000
1695834235584 0.001 160000
1695834282484 0.001 164000
