1695827563198 1.0 4000
1695827606721 1.0 8000
1695827652176 1.0 12000
1695827698677 1.0 16000
1695827745570 1.0 20000
1695827792059 1.0 24000
1695827839282 1.0 28000
1695827885989 1.0 32000
1695827933167 1.0 36000
1695827979339 1.0 40000
1695828025249 1.0 44000
1695828071982 1.0 48000
1695828118429 1.0 52000
1695828164312 1.0 56000
1695828210873 1.0 60000
1695828257013 1.0 64000
1695828305533 1.0 68000
1695828352124 1.0 72000
1695828397979 1.0 76000
1695828445015 1.0 80000
1695828491417 1.0 84000
1695828538080 1.0 88000
1695828584130 1.0 92000
1695828632057 1.0 96000
1695828678769 1.0 100000
1695828725562 1.0 104000
1695828771465 1.0 108000
1695828818228 1.0 112000
1695828865377 1.0 116000
1695828911398 1.0 120000
1695828958047 1.0 124000
1695829004824 1.0 128000
1695829052223 1.0 132000
1695829099201 1.0 136000
1695829146330 1.0 140000
1695829193404 1.0 144000
1695829239937 1.0 148000
1695829287464 1.0 152000
1695829334830 1.0 156000
1695829382951 1.0 160000
1695829431178 1.0 164000
