1695827563058 0.0 4000
1695827606524 0.0 8000
1695827652003 0.0 12000
1695827698498 0.0 16000
1695827745391 0.0 20000
1695827791855 0.0 24000
1695827839106 0.0 28000
1695827885798 0.0 32000
1695827932993 0.0 36000
1695827979133 0.0 40000
1695828025042 0.0 44000
1695828071807 0.0 48000
1695828118239 0.0 52000
1695828164120 0.0 56000
1695828210682 0.0 60000
1695828256816 0.0 64000
1695828305342 0.0 68000
1695828351932 0.0 72000
1695828397788 0.0 76000
1695828444820 0.0 80000
1695828491228 0.0 84000
1695828537907 0.0 88000
1695828583938 0.0 92000
1695828631862 0.0 96000
1695828678556 0.0 100000
1695828725362 0.0 104000
1695828771290 0.0 108000
1695828818038 0.0 112000
1695828865202 0.0 116000
1695828911191 0.0 120000
1695828957864 0.0 124000
1695829004649 0.0 128000
1695829052032 0.0 132000
1695829099010 0.0 136000
1695829146156 0.0 140000
1695829193228 0.0 144000
1695829239762 0.0 148000
1695829287272 0.0 152000
1695829334633 0.0 156000
1695829382773 0.0 160000
1695829430999 0.0 164000
