1695827563039 nan 4000
1695827606507 1.577156250000003 8000
1695827651971 1.577156250000003 12000
1695827698482 0.10249999999999965 16000
1695827745359 0.10249999999999965 20000
1695827791840 0.10249999999999965 24000
1695827839088 0.10249999999999965 28000
1695827885785 0.10249999999999965 32000
1695827932977 0.10249999999999965 36000
1695827979127 0.10249999999999965 40000
1695828025011 0.10249999999999965 44000
1695828071791 0.10249999999999965 48000
1695828118233 0.10249999999999965 52000
1695828164105 0.10249999999999965 56000
1695828210666 0.10249999999999965 60000
1695828256800 0.10249999999999965 64000
1695828305325 0.10249999999999965 68000
1695828351923 0.10249999999999965 72000
1695828397773 0.10249999999999965 76000
1695828444815 0.10249999999999965 80000
1695828491208 0.10249999999999965 84000
1695828537875 0.10249999999999965 88000
1695828583927 0.10249999999999965 92000
1695828631831 0.10249999999999965 96000
1695828678540 0.10249999999999965 100000
1695828725338 0.10249999999999965 104000
1695828771274 0.10249999999999965 108000
1695828818021 0.3845000000000071 112000
1695828865185 0.3845000000000071 116000
1695828911176 0.3845000000000071 120000
1695828957848 0.3845000000000071 124000
1695829004634 0.3845000000000071 128000
1695829052017 0.46249999999999974 132000
1695829098995 0.46249999999999974 136000
1695829146141 0.6031932378161876 140000
1695829193212 0.6031932378161876 144000
1695829239746 0.6031932378161876 148000
1695829287256 0.6031932378161876 152000
1695829334620 0.6031932378161876 156000
1695829382755 0.6031932378161876 160000
1695829430981 0.6031932378161876 164000
