1695827563040 nan 4000
1695827606507 750.0 8000
1695827651971 750.0 12000
1695827698482 1140.8181818181818 16000
1695827745374 1140.8181818181818 20000
1695827791840 1152.4166666666667 24000
1695827839088 1203.45 28000
1695827885785 1175.0 32000
1695827932977 1133.5925925925926 36000
1695827979127 1129.9354838709678 40000
1695828025026 1139.030303030303 44000
1695828071796 1137.4054054054054 48000
1695828118233 1089.6976744186047 52000
1695828164105 1080.9565217391305 56000
1695828210666 1069.7884615384614 60000
1695828256800 1071.3703703703704 64000
1695828305325 1065.6379310344828 68000
1695828351923 1060.0 72000
1695828397773 1061.3333333333333 76000
1695828444815 1063.0714285714287 80000
1695828491210 1063.8108108108108 84000
1695828537891 1058.948051948052 88000
1695828583927 1049.5764705882352 92000
1695828631846 1041.5862068965516 96000
1695828678540 1044.2954545454545 100000
1695828725338 1048.7473684210527 104000
1695828771274 1013.95 108000
1695828818021 990.33 112000
1695828865185 954.92 116000
1695828911176 916.24 120000
1695828957848 890.7 124000
1695829004634 868.57 128000
1695829052017 819.04 132000
1695829098995 809.17 136000
1695829146141 790.82 140000
1695829193212 767.94 144000
1695829239746 747.2 148000
1695829287256 718.28 152000
1695829334620 675.86 156000
1695829382755 640.56 160000
1695829430984 578.57 164000
