1695827563038 nan 4000
1695827606491 1.577156250000003 8000
1695827651971 1.577156250000003 12000
1695827698477 2.0450781250000016 16000
1695827745359 2.0450781250000016 20000
1695827791840 2.0450781250000016 24000
1695827839088 2.0450781250000016 28000
1695827885785 2.0450781250000016 32000
1695827932961 2.245478033544062 36000
1695827979127 2.409587408544061 40000
1695828025011 2.409587408544061 44000
1695828071791 2.409587408544061 48000
1695828118222 2.7681342835440566 52000
1695828164105 2.7681342835440566 56000
1695828210666 2.7681342835440566 60000
1695828256800 2.7681342835440566 64000
1695828305259 2.882240112816172 68000
1695828351923 2.882240112816172 72000
1695828397773 2.882240112816172 76000
1695828444815 2.882240112816172 80000
1695828491207 2.882240112816172 84000
1695828537875 2.882240112816172 88000
1695828583927 2.882240112816172 92000
1695828631831 2.882240112816172 96000
1695828678540 2.882240112816172 100000
1695828725338 2.882240112816172 104000
1695828771274 2.917177612816171 108000
1695828818021 2.917177612816171 112000
1695828865185 2.917177612816171 116000
1695828911176 2.917177612816171 120000
1695828957832 2.954693237815204 124000
1695829004618 2.954693237815204 128000
1695829052017 2.954693237815204 132000
1695829098995 2.954693237815204 136000
1695829146141 2.954693237815204 140000
1695829193212 2.954693237815204 144000
1695829239746 2.954693237815204 148000
1695829287256 2.954693237815204 152000
1695829334620 2.9691463628152035 156000
1695829382755 2.9691463628152035 160000
1695829430979 2.9691463628152035 164000
