1695827563058 0.0 4000
1695827606524 1.0 8000
1695827652003 1.0 12000
1695827698498 11.0 16000
1695827745391 11.0 20000
1695827791871 12.0 24000
1695827839107 20.0 28000
1695827885798 22.0 32000
1695827932993 27.0 36000
1695827979149 31.0 40000
1695828025042 33.0 44000
1695828071807 37.0 48000
1695828118239 43.0 52000
1695828164120 46.0 56000
1695828210682 52.0 60000
1695828256816 54.0 64000
1695828305342 58.0 68000
1695828351948 61.0 72000
1695828397788 66.0 76000
1695828444835 70.0 80000
1695828491229 74.0 84000
1695828537907 77.0 88000
1695828583938 85.0 92000
1695828631862 87.0 96000
1695828678556 88.0 100000
1695828725362 95.0 104000
1695828771290 103.0 108000
1695828818038 108.0 112000
1695828865202 114.0 116000
1695828911206 119.0 120000
1695828957864 126.0 124000
1695829004649 132.0 128000
1695829052032 142.0 132000
1695829099010 146.0 136000
1695829146156 152.0 140000
1695829193228 160.0 144000
1695829239762 164.0 148000
1695829287272 171.0 152000
1695829334633 180.0 156000
1695829382773 189.0 160000
1695829431000 200.0 164000
