1695827563039 nan 4000
1695827606507 1.577156250000003 8000
1695827651971 1.577156250000003 12000
1695827698482 1.1512055938377819 16000
1695827745359 1.1512055938377819 20000
1695827791840 1.0956884610179671 24000
1695827839088 1.0271540963623689 28000
1695827885785 1.0168780137385176 32000
1695827932977 1.151688525423105 36000
1695827979127 1.2069668989138118 40000
1695828025011 1.1930050637619505 44000
1695828071791 1.2482954441090683 48000
1695828118233 1.300102449214232 52000
1695828164105 1.3378179490143596 56000
1695828210666 1.364383566940871 60000
1695828256800 1.3745735036803979 64000
1695828305325 1.3941515349139006 68000
1695828351923 1.4120303789090791 72000
1695828397773 1.434513360644466 76000
1695828444815 1.4467015411257071 80000
1695828491209 1.4654665061495173 84000
1695828537875 1.4820116629027642 88000
1695828583927 1.522075994953439 92000
1695828631846 1.539047799387065 96000
1695828678540 1.5397028611873962 100000
1695828725338 1.5506657430146102 104000
1695828771274 1.618710443744738 108000
1695828818021 1.6759449927078172 112000
1695828865185 1.7722387432267876 116000
1695828911176 1.829998057555382 120000
1695828957848 1.879340513334283 124000
1695829004634 1.9214758080906083 128000
1695829052017 1.9958270099952262 132000
1695829098995 2.008821853745226 136000
1695829146141 2.0474761298733872 140000
1695829193212 2.0733832075896608 144000
1695829239746 2.104189587711499 148000
1695829287256 2.1429513764777526 152000
1695829334620 2.1882384203658445 156000
1695829382755 2.228417300487682 160000
1695829430982 2.2871394936753613 164000
