1695827563043 0.0 4000
1695827606507 1.0 8000
1695827651971 0.0 12000
1695827698482 10.0 16000
1695827745374 0.0 20000
1695827791855 1.0 24000
1695827839088 8.0 28000
1695827885785 2.0 32000
1695827932977 5.0 36000
1695827979133 4.0 40000
1695828025026 2.0 44000
1695828071796 4.0 48000
1695828118233 6.0 52000
1695828164105 3.0 56000
1695828210666 6.0 60000
1695828256800 2.0 64000
1695828305325 4.0 68000
1695828351932 3.0 72000
1695828397773 5.0 76000
1695828444820 4.0 80000
1695828491210 4.0 84000
1695828537891 3.0 88000
1695828583927 8.0 92000
1695828631846 2.0 96000
1695828678540 1.0 100000
1695828725353 7.0 104000
1695828771274 8.0 108000
1695828818037 5.0 112000
1695828865185 6.0 116000
1695828911176 5.0 120000
1695828957848 7.0 124000
1695829004634 6.0 128000
1695829052017 10.0 132000
1695829098995 4.0 136000
1695829146141 6.0 140000
1695829193212 8.0 144000
1695829239746 4.0 148000
1695829287270 7.0 152000
1695829334620 9.0 156000
1695829382755 9.0 160000
1695829430985 11.0 164000
