1695827563058 1.0 4000
1695827606524 2.0 8000
1695827652003 3.0 12000
1695827698498 4.0 16000
1695827745391 5.0 20000
1695827791875 6.0 24000
1695827839114 7.0 28000
1695827885815 8.0 32000
1695827932993 9.0 36000
1695827979149 10.0 40000
1695828025042 11.0 44000
1695828071807 12.0 48000
1695828118255 13.0 52000
1695828164136 14.0 56000
1695828210698 15.0 60000
1695828256833 16.0 64000
1695828305342 17.0 68000
1695828351948 18.0 72000
1695828397805 19.0 76000
1695828444835 20.0 80000
1695828491236 21.0 84000
1695828537907 22.0 88000
1695828583954 23.0 92000
1695828631862 24.0 96000
1695828678568 25.0 100000
1695828725370 26.0 104000
1695828771290 27.0 108000
1695828818054 28.0 112000
1695828865202 29.0 116000
1695828911206 30.0 120000
1695828957864 31.0 124000
1695829004649 32.0 128000
1695829052049 33.0 132000
1695829099010 34.0 136000
1695829146156 35.0 140000
1695829193228 36.0 144000
1695829239762 37.0 148000
1695829287288 38.0 152000
1695829334649 39.0 156000
1695829382787 40.0 160000
1695829431007 41.0 164000
