1695827563051 4000.0 4000
1695827606507 8000.0 8000
1695827651987 12000.0 12000
1695827698482 16000.0 16000
1695827745374 20000.0 20000
1695827791855 24000.0 24000
1695827839088 28000.0 28000
1695827885798 32000.0 32000
1695827932977 36000.0 36000
1695827979133 40000.0 40000
1695828025026 44000.0 44000
1695828071796 48000.0 48000
1695828118239 52000.0 52000
1695828164120 56000.0 56000
1695828210682 60000.0 60000
1695828256816 64000.0 64000
1695828305325 68000.0 68000
1695828351932 72000.0 72000
1695828397788 76000.0 76000
1695828444820 80000.0 80000
1695828491220 84000.0 84000
1695828537891 88000.0 88000
1695828583938 92000.0 92000
1695828631846 96000.0 96000
1695828678540 100000.0 100000
1695828725355 104000.0 104000
1695828771274 108000.0 108000
1695828818038 112000.0 112000
1695828865185 116000.0 116000
1695828911191 120000.0 120000
1695828957848 124000.0 124000
1695829004634 128000.0 128000
1695829052032 132000.0 132000
1695829098995 136000.0 136000
1695829146141 140000.0 140000
1695829193212 144000.0 144000
1695829239746 148000.0 148000
1695829287272 152000.0 152000
1695829334633 156000.0 156000
1695829382773 160000.0 160000
1695829430992 164000.0 164000
