1695827563047 0.0 4000
1695827606507 0.0 8000
1695827651987 0.0 12000
1695827698482 0.0 16000
1695827745374 0.0 20000
1695827791855 0.0 24000
1695827839088 0.0 28000
1695827885798 0.0 32000
1695827932977 0.0 36000
1695827979133 0.0 40000
1695828025026 0.0 44000
1695828071796 0.0 48000
1695828118239 0.0 52000
1695828164105 0.0 56000
1695828210666 0.0 60000
1695828256800 0.0 64000
1695828305325 0.0 68000
1695828351932 0.0 72000
1695828397788 0.0 76000
1695828444820 0.0 80000
1695828491214 0.0 84000
1695828537891 0.0 88000
1695828583927 0.0 92000
1695828631846 0.0 96000
1695828678540 0.0 100000
1695828725355 0.0 104000
1695828771274 0.0 108000
1695828818038 0.0 112000
1695828865185 0.0 116000
1695828911191 0.0 120000
1695828957848 0.0 124000
1695829004634 0.0 128000
1695829052017 0.0 132000
1695829098995 0.0 136000
1695829146141 0.0 140000
1695829193212 0.0 144000
1695829239746 0.0 148000
1695829287272 0.0 152000
1695829334620 0.0 156000
1695829382771 0.0 160000
1695829430988 0.0 164000
