1695827563058 4000.0 4000
1695827606522 4000.0 8000
1695827651987 4000.0 12000
1695827698498 4000.0 16000
1695827745374 4000.0 20000
1695827791855 4000.0 24000
1695827839104 4000.0 28000
1695827885798 4000.0 32000
1695827932993 4000.0 36000
1695827979133 4000.0 40000
1695828025042 4000.0 44000
1695828071807 4000.0 48000
1695828118239 4000.0 52000
1695828164120 4000.0 56000
1695828210682 4000.0 60000
1695828256816 4000.0 64000
1695828305342 4000.0 68000
1695828351932 4000.0 72000
1695828397788 4000.0 76000
1695828444820 4000.0 80000
1695828491226 4000.0 84000
1695828537891 4000.0 88000
1695828583938 4000.0 92000
1695828631862 4000.0 96000
1695828678556 4000.0 100000
1695828725362 4000.0 104000
1695828771290 4000.0 108000
1695828818038 4000.0 112000
1695828865202 4000.0 116000
1695828911191 4000.0 120000
1695828957864 4000.0 124000
1695829004634 4000.0 128000
1695829052032 4000.0 132000
1695829099010 4000.0 136000
1695829146156 4000.0 140000
1695829193228 4000.0 144000
1695829239762 4000.0 148000
1695829287272 4000.0 152000
1695829334633 4000.0 156000
1695829382773 4000.0 160000
1695829430997 4000.0 164000
