1695827563045 10.0 4000
1695827606507 10.0 8000
1695827651971 10.0 12000
1695827698482 10.0 16000
1695827745374 10.0 20000
1695827791855 10.0 24000
1695827839088 10.0 28000
1695827885798 10.0 32000
1695827932977 10.0 36000
1695827979133 10.0 40000
1695828025026 10.0 44000
1695828071796 10.0 48000
1695828118238 10.0 52000
1695828164105 10.0 56000
1695828210666 10.0 60000
1695828256800 10.0 64000
1695828305325 10.0 68000
1695828351932 10.0 72000
1695828397788 10.0 76000
1695828444820 10.0 80000
1695828491212 10.0 84000
1695828537891 10.0 88000
1695828583927 10.0 92000
1695828631846 10.0 96000
1695828678540 10.0 100000
1695828725355 10.0 104000
1695828771274 10.0 108000
1695828818038 10.0 112000
1695828865185 10.0 116000
1695828911191 10.0 120000
1695828957848 10.0 124000
1695829004634 10.0 128000
1695829052017 10.0 132000
1695829098995 10.0 136000
1695829146141 10.0 140000
1695829193212 10.0 144000
1695829239746 10.0 148000
1695829287270 10.0 152000
1695829334620 10.0 156000
1695829382755 10.0 160000
1695829430986 10.0 164000
