1695827563056 95.71563244301122 4000
1695827606507 94.05686501578447 8000
1695827651987 90.82413228652285 12000
1695827698482 88.14765460983365 16000
1695827745374 87.72876620582718 20000
1695827791855 88.36814128759336 24000
1695827839088 87.08581126139326 28000
1695827885798 88.19704807854794 32000
1695827932990 87.30226794343051 36000
1695827979133 89.668989133244 40000
1695828025026 89.85209321217654 44000
1695828071807 88.12151967614432 48000
1695828118239 88.6420373223135 52000
1695828164120 89.70816071160066 56000
1695828210682 88.58375819409014 60000
1695828256816 89.33442107253492 64000
1695828305325 85.36066152689183 68000
1695828351932 88.25512572905741 72000
1695828397788 89.80188274714259 76000
1695828444820 88.00367884946698 80000
1695828491223 89.80620517934094 84000
1695828537891 88.59821177555887 88000
1695828583938 89.69462498260341 92000
1695828631846 86.03033755645389 96000
1695828678556 88.3008068759322 100000
1695828725362 88.31855233095595 104000
1695828771290 89.9853977951024 108000
1695828818038 88.24239573699779 112000
1695828865201 87.65879716729205 116000
1695828911191 89.62906311541056 120000
1695828957848 88.71509360884431 124000
1695829004634 88.89104730643064 128000
1695829052032 87.79306129981968 132000
1695829099010 88.4245356085084 136000
1695829146156 87.55041644306426 140000
1695829193212 87.59996276540431 144000
1695829239746 88.68312774603872 148000
1695829287272 87.68024533637983 152000
1695829334633 87.2392011367355 156000
1695829382773 86.35180883968128 160000
1695829430995 87.43777669521553 164000
