1695827563058 11816.0 4000
1695827606524 11816.0 8000
1695827652003 11816.0 12000
1695827698498 11816.0 16000
1695827745391 11816.0 20000
1695827791875 11816.0 24000
1695827839112 11816.0 28000
1695827885815 11816.0 32000
1695827932993 11816.0 36000
1695827979149 11816.0 40000
1695828025042 11816.0 44000
1695828071807 11816.0 48000
1695828118255 11816.0 52000
1695828164132 11816.0 56000
1695828210682 11816.0 60000
1695828256833 11816.0 64000
1695828305342 11816.0 68000
1695828351948 11816.0 72000
1695828397805 11816.0 76000
1695828444835 11816.0 80000
1695828491234 11816.0 84000
1695828537907 11816.0 88000
1695828583938 11816.0 92000
1695828631862 11816.0 96000
1695828678556 11816.0 100000
1695828725370 11816.0 104000
1695828771290 11816.0 108000
1695828818054 11816.0 112000
1695828865202 11816.0 116000
1695828911206 11816.0 120000
1695828957864 11816.0 124000
1695829004649 11816.0 128000
1695829052048 11816.0 132000
1695829099010 11816.0 136000
1695829146156 11816.0 140000
1695829193228 11816.0 144000
1695829239762 11816.0 148000
1695829287288 11816.0 152000
1695829334633 11816.0 156000
1695829382787 11816.0 160000
1695829431005 11816.0 164000
