1695827563058 41.7945191860199 4000
1695827606524 42.527464628219604 8000
1695827652003 44.04514932632446 12000
1695827698498 45.37840533256531 16000
1695827745391 45.61070728302002 20000
1695827791871 45.26518201828003 24000
1695827839110 45.93297243118286 28000
1695827885815 45.352991819381714 32000
1695827932993 45.819069623947144 36000
1695827979149 44.60851001739502 40000
1695828025042 44.53211808204651 44000
1695828071807 45.39186358451843 48000
1695828118255 45.12531661987305 52000
1695828164132 44.589031457901 56000
1695828210682 45.17063570022583 60000
1695828256816 44.77557420730591 64000
1695828305342 46.8772406578064 68000
1695828351948 45.32314658164978 72000
1695828397804 44.54249596595764 76000
1695828444835 45.46984338760376 80000
1695828491232 44.55624866485596 84000
1695828537907 45.16470503807068 88000
1695828583938 44.595760345458984 92000
1695828631862 46.49522614479065 96000
1695828678556 45.29969930648804 100000
1695828725370 45.290597438812256 104000
1695828771290 44.45165657997131 108000
1695828818054 45.34562301635742 112000
1695828865202 45.63147258758545 116000
1695828911206 44.62838125228882 120000
1695828957864 45.10400462150574 124000
1695829004649 44.99890732765198 128000
1695829052032 45.577312707901 132000
1695829099010 45.240269899368286 136000
1695829146156 45.6879608631134 140000
1695829193228 45.66211986541748 144000
1695829239762 45.104408264160156 148000
1695829287288 45.62831497192383 152000
1695829334633 45.85094714164734 156000
1695829382773 46.33781981468201 160000
1695829431003 45.75583076477051 164000
