1695827563058 1695827562.0 4000
1695827606524 1695827605.0 8000
1695827652003 1695827650.0 12000
1695827698498 1695827697.0 16000
1695827745391 1695827744.0 20000
1695827791871 1695827790.0 24000
1695827839109 1695827838.0 28000
1695827885814 1695827884.0 32000
1695827932993 1695827931.0 36000
1695827979149 1695827977.0 40000
1695828025042 1695828023.0 44000
1695828071807 1695828070.0 48000
1695828118239 1695828117.0 52000
1695828164132 1695828163.0 56000
1695828210682 1695828209.0 60000
1695828256816 1695828255.0 64000
1695828305342 1695828303.0 68000
1695828351948 1695828350.0 72000
1695828397788 1695828396.0 76000
1695828444835 1695828443.0 80000
1695828491231 1695828489.0 84000
1695828537907 1695828536.0 88000
1695828583938 1695828582.0 92000
1695828631862 1695828630.0 96000
1695828678556 1695828677.0 100000
1695828725370 1695828724.0 104000
1695828771290 1695828770.0 108000
1695828818038 1695828816.0 112000
1695828865202 1695828863.0 116000
1695828911206 1695828910.0 120000
1695828957864 1695828956.0 124000
1695829004649 1695829003.0 128000
1695829052032 1695829050.0 132000
1695829099010 1695829097.0 136000
1695829146156 1695829144.0 140000
1695829193228 1695829192.0 144000
1695829239762 1695829238.0 148000
1695829287288 1695829285.0 152000
1695829334633 1695829333.0 156000
1695829382773 1695829381.0 160000
1695829431002 1695829428.0 164000
