1695827563058 41.7945191860199 4000
1695827606524 84.3219838142395 8000
1695827652003 128.36713314056396 12000
1695827698498 173.74553847312927 16000
1695827745391 219.3562457561493 20000
1695827791875 264.6214277744293 24000
1695827839113 310.5544002056122 28000
1695827885815 355.9073920249939 32000
1695827932993 401.72646164894104 36000
1695827979149 446.33497166633606 40000
1695828025042 490.86708974838257 44000
1695828071807 536.258953332901 48000
1695828118255 581.384269952774 52000
1695828164132 625.973301410675 56000
1695828210697 671.1439371109009 60000
1695828256833 715.9195113182068 64000
1695828305342 762.7967519760132 68000
1695828351948 808.119898557663 72000
1695828397805 852.6623945236206 76000
1695828444835 898.1322379112244 80000
1695828491235 942.6884865760803 84000
1695828537907 987.853191614151 88000
1695828583954 1032.44895195961 92000
1695828631862 1078.9441781044006 96000
1695828678556 1124.2438774108887 100000
1695828725370 1169.534474849701 104000
1695828771290 1213.9861314296722 108000
1695828818054 1259.3317544460297 112000
1695828865202 1304.963227033615 116000
1695828911206 1349.591608285904 120000
1695828957864 1394.6956129074097 124000
1695829004649 1439.6945202350616 128000
1695829052048 1485.2718329429626 132000
1695829099010 1530.512102842331 136000
1695829146156 1576.2000637054443 140000
1695829193228 1621.8621835708618 144000
1695829239762 1666.966591835022 148000
1695829287288 1712.5949068069458 152000
1695829334633 1758.4458539485931 156000
1695829382787 1804.7836737632751 160000
1695829431006 1850.5395045280457 164000
