1695839581463 479.5 4000
1695839614107 479.5 8000
1695839646261 479.5 12000
1695839678182 479.5 16000
1695839711636 479.5 20000
1695839744930 479.5 24000
1695839779434 479.5 28000
1695839814078 479.5 32000
1695839850736 479.5 36000
1695839886594 479.5 40000
1695839924105 479.5 44000
1695839959816 479.5 48000
1695839995946 479.5 52000
1695840031168 479.5 56000
1695840065246 479.5 60000
1695840100474 479.5 64000
1695840134594 479.5 68000
1695840169142 479.5 72000
1695840204728 479.5 76000
1695840240141 479.5 80000
1695840276976 479.5 84000
1695840313026 479.5 88000
1695840348387 479.5 92000
1695840382575 479.5 96000
1695840416542 479.5 100000
1695840451497 479.5 104000
1695840486214 479.5 108000
1695840521231 479.5 112000
1695840555385 479.5 116000
1695840589338 479.5 120000
