1695839581462 480.5 4000
1695839614107 1440.5 8000
1695839646261 2400.5 12000
1695839678171 3360.5 16000
1695839711636 4320.5 20000
1695839744930 5280.5 24000
1695839779434 6240.5 28000
1695839814078 7200.5 32000
1695839850736 8160.5 36000
1695839886592 9120.5 40000
1695839924104 10080.5 44000
1695839959816 11040.5 48000
1695839995946 12000.5 52000
1695840031167 12960.5 56000
1695840065246 13920.5 60000
1695840100473 14880.5 64000
1695840134594 15840.5 68000
1695840169141 16800.5 72000
1695840204727 17760.5 76000
1695840240140 18720.5 80000
1695840276976 19680.5 84000
1695840313026 20640.5 88000
1695840348387 21600.5 92000
1695840382575 22560.5 96000
1695840416542 23520.5 100000
1695840451497 24480.5 104000
1695840486214 25440.5 108000
1695840521231 26400.5 112000
1695840555385 27360.5 116000
1695840589338 28320.5 120000
