1695827563088 4000.0 4000
1695827606587 8000.0 8000
1695827652050 12000.0 12000
1695827698547 16000.0 16000
1695827745439 20000.0 20000
1695827791921 24000.0 24000
1695827839155 28000.0 28000
1695827885862 32000.0 32000
1695827933041 36000.0 36000
1695827979196 40000.0 40000
1695828025106 44000.0 44000
1695828071855 48000.0 48000
1695828118302 52000.0 52000
1695828164185 56000.0 56000
1695828210746 60000.0 60000
1695828256885 64000.0 64000
1695828305405 68000.0 68000
1695828351997 72000.0 72000
1695828397852 76000.0 76000
1695828444888 80000.0 80000
1695828491289 84000.0 84000
1695828537954 88000.0 88000
1695828584002 92000.0 92000
1695828631911 96000.0 96000
1695828678621 100000.0 100000
1695828725417 104000.0 104000
1695828771353 108000.0 108000
1695828818101 112000.0 112000
1695828865250 116000.0 116000
1695828911255 120000.0 120000
1695828957911 124000.0 124000
1695829004707 128000.0 128000
1695829052095 132000.0 132000
1695829099074 136000.0 136000
1695829146219 140000.0 140000
1695829193276 144000.0 144000
1695829239809 148000.0 148000
1695829287335 152000.0 152000
1695829334698 156000.0 156000
1695829382836 160000.0 160000
1695829431058 164000.0 164000
