1695830907557 0.7019999999999998 12000
1695830954103 0.5956607472220562 16000
1695831002503 0.6199390182868848 20000
1695831049640 0.5976360168802013 24000
1695831097153 0.5923174047900953 28000
1695831144639 0.6938659948496267 32000
1695831191157 0.6783913550556416 36000
1695831240843 0.7399735945699134 40000
1695831287501 0.7942281493082539 44000
1695831333759 0.8102145562827308 48000
1695831380572 0.8821452831770547 52000
1695831430410 0.9157735528115406 56000
1695831477588 0.9341396260725913 60000
1695831525743 0.9849978233023554 64000
1695831573113 1.027725527479173 68000
1695831620375 1.0344928080209053 72000
1695831667799 1.051757236654564 76000
1695831715885 1.079930525663615 80000
1695831762992 1.084557644312116 84000
1695831811115 1.1215550184110514 88000
1695831859744 1.1240569381250114 92000
1695831908200 1.1329062170561262 96000
1695831955881 1.1492830680941293 100000
1695832003186 1.1562320966239352 104000
1695832050435 1.1702535450514817 108000
1695832097656 1.1788175313965799 112000
1695832144938 1.1877604815361367 116000
1695832192664 1.1748546251538865 120000
