1695830907557 -0.7212573578908242 12000
1695830954103 -1.0401709241718942 16000
1695831002503 -0.9273832429909029 20000
1695831049640 -0.8935845319916027 24000
1695831097152 -0.7150689457945419 28000
1695831144639 -0.5729330942864138 32000
1695831191157 -0.5362782705149572 36000
1695831240843 -0.478684671651393 40000
1695831287501 -0.45486485301641794 44000
1695831333759 -0.39817913343790984 48000
1695831380557 -0.35773618260401846 52000
1695831430410 -0.36402689742647176 56000
1695831477588 -0.3510257279731385 60000
1695831525742 -0.3199447742502818 64000
1695831573113 -0.28983384664422246 68000
1695831620375 -0.2733887109898613 72000
1695831667796 -0.2657587765327497 76000
1695831715885 -0.2504614376834481 80000
1695831762991 -0.24553126171908735 84000
1695831811115 -0.21416264277099545 88000
1695831859744 -0.21188260606584275 92000
1695831908199 -0.18955079127290367 96000
1695831955881 -0.18119825170925846 100000
1695832003186 -0.17933975776513023 104000
1695832050435 -0.1666960481016358 108000
1695832097656 -0.1522873348526742 112000
1695832144938 -0.1497376101819639 116000
1695832192664 -0.13547770975771542 120000
