1695827606721 0.3134546506122108 8000
1695827652176 0.3134546506122108 12000
1695827698674 0.18219257477208448 16000
1695827745570 0.18219257477208448 20000
1695827792052 0.18388721782623144 24000
1695827839282 0.18749678471496603 28000
1695827885985 0.18758086761203818 32000
1695827933167 0.18715691388989453 36000
1695827979327 0.18909139344082196 40000
1695828025234 0.18890883134627262 44000
1695828071982 0.1893140184450913 48000
1695828118413 0.19150197822689022 52000
1695828164296 0.19167375342864154 56000
1695828210858 0.19250933143016835 60000
1695828257013 0.19315729209077798 64000
1695828305521 0.1935779153444697 68000
1695828352124 0.19434565894538697 72000
1695828397963 0.194716792969305 76000
1695828445015 0.19557039875857754 80000
1695828491409 0.1962690122668534 84000
1695828538080 0.19675062433308968 88000
1695828584130 0.1975301232509252 92000
1695828632050 0.19800344483911286 96000
1695828678763 0.19788789791755593 100000
1695828725544 0.19844413247307102 104000
1695828771465 0.19794888954258336 108000
1695828818228 0.20011505565263984 112000
1695828865377 0.2015332917203571 116000
1695828911382 0.2017107035525021 120000
1695828958039 0.2032298773479054 124000
1695829004824 0.20439035112456627 128000
1695829052207 0.20517218924986158 132000
1695829099201 0.20591382189280202 136000
1695829146330 0.2066576612087323 140000
1695829193404 0.20694962086712448 144000
1695829239937 0.2078949809928827 148000
1695829287446 0.20791500506780403 152000
1695829334823 0.20884529861755868 156000
1695829382951 0.2090495578305803 160000
1695829431178 0.20956917310883905 164000
