1695827606705 3.6951093637987915 8000
1695827652176 3.6951093637987915 12000
1695827698658 3.681919136077892 16000
1695827745555 3.681919136077892 20000
1695827792050 3.6755126035094463 24000
1695827839282 3.7125486130328915 28000
1695827885985 3.72335983997063 32000
1695827933167 3.745137422217536 36000
1695827979327 3.751529070593916 40000
1695828025234 3.7586115896893344 44000
1695828071982 3.7659327422848405 48000
1695828118413 3.7807941654222548 52000
1695828164296 3.7919116219959337 56000
1695828210858 3.7921206423531406 60000
1695828256997 3.7989428123179767 64000
1695828305521 3.805343279471722 68000
1695828352124 3.8061540807076764 72000
1695828397963 3.810518365681446 76000
1695828445015 3.8175831634458675 80000
1695828491407 3.8175668220590566 84000
1695828538080 3.814473473650805 88000
1695828584130 3.82402465337023 92000
1695828632048 3.824014520860028 96000
1695828678747 3.8221145889886983 100000
1695828725544 3.8307311481232205 104000
1695828771465 3.8423745458744314 108000
1695828818228 3.850485509001782 112000
1695828865377 3.8665324583548464 116000
1695828911382 3.8731030597257536 120000
1695828958039 3.872808036565624 124000
1695829004824 3.8791765720021636 128000
1695829052207 3.8813251298689284 132000
1695829099201 3.8779493033030144 136000
1695829146330 3.884694997589882 140000
1695829193404 3.88078352174611 144000
1695829239937 3.882172856281453 148000
1695829287446 3.8823843821299 152000
1695829334821 3.886378591357882 156000
1695829382951 3.887858515126711 160000
1695829431178 3.884365221703985 164000
