1695827606705 0.5857453364111511 8000
1695827652161 0.5857453364111511 12000
1695827698658 0.5508089789294838 16000
1695827745555 0.5508089789294838 20000
1695827792049 0.5526710469914992 24000
1695827839282 0.5558632123904679 28000
1695827885973 0.5542435172942869 32000
1695827933167 0.5548039451261998 36000
1695827979327 0.5547054133525633 40000
1695828025234 0.5541442543166579 44000
1695828071982 0.556171397186374 48000
1695828118413 0.5560158767911346 52000
1695828164296 0.5547446757723822 56000
1695828210858 0.5560387253956276 60000
1695828256997 0.5552966737260094 64000
1695828305521 0.5554099188588688 68000
1695828352124 0.5563129061763851 72000
1695828397963 0.5556891078941009 76000
1695828445015 0.5549851413758798 80000
1695828491406 0.555477412499948 84000
1695828538080 0.5551998368385673 88000
1695828584130 0.5549783237156971 92000
1695828632047 0.5545594114098789 96000
1695828678747 0.5542630603176163 100000
1695828725544 0.5538837986562615 104000
1695828771465 0.5544896936650087 108000
1695828818228 0.553044863716061 112000
1695828865377 0.5542885421074073 116000
1695828911382 0.5526388488512992 120000
1695828958039 0.5524767853279278 124000
1695829004824 0.5516280685599758 128000
1695829052207 0.5504279025409541 132000
1695829099185 0.5511535838964966 136000
1695829146330 0.5501442719017001 140000
1695829193388 0.5508971654796173 144000
1695829239937 0.5502753367199695 148000
1695829287446 0.5513874796152295 152000
1695829334820 0.5503427595258042 156000
1695829382951 0.5513512072251111 160000
1695829431178 0.5522269342345786 164000
