1695827606705 0.19024225061157074 8000
1695827652176 0.19024225061157074 12000
1695827698674 0.17353281003799334 16000
1695827745555 0.17353281003799334 20000
1695827792051 0.17414032302245464 24000
1695827839282 0.17397855360719877 28000
1695827885985 0.17564538232231205 32000
1695827933167 0.17508372927689442 36000
1695827979327 0.17645837710454773 40000
1695828025234 0.1773663535546555 44000
1695828071982 0.17825887320786296 48000
1695828118413 0.17749800846610256 52000
1695828164296 0.17741795295679316 56000
1695828210858 0.17894003648952797 60000
1695828256997 0.17919324966787314 64000
1695828305521 0.17905110044863456 68000
1695828352124 0.17906306232134256 72000
1695828397963 0.18058265527172196 76000
1695828445015 0.18079359129349393 80000
1695828491407 0.1810871412393657 84000
1695828538080 0.18143506195364908 88000
1695828584130 0.18186160341755692 92000
1695828632049 0.18217990465315792 96000
1695828678747 0.1822666385797602 100000
1695828725544 0.18267254615441483 104000
1695828771465 0.18274942863195828 108000
1695828818228 0.1828919167281464 112000
1695828865377 0.18485841313626986 116000
1695828911382 0.18559795659119424 120000
1695828958039 0.18549689412625173 124000
1695829004824 0.18603233199554814 128000
1695829052207 0.1861804930695049 132000
1695829099201 0.18696183600647157 136000
1695829146330 0.18658875315363357 140000
1695829193404 0.18693979818994777 144000
1695829239937 0.18693882031083373 148000
1695829287446 0.18621257842908656 152000
1695829334822 0.18639906779163276 156000
1695829382951 0.18595472900326596 160000
1695829431178 0.18535300046181058 164000
