1695827563167 0.0 4000
1695827606651 0.0 8000
1695827652114 0.0 12000
1695827698610 0.0 16000
1695827745502 0.0 20000
1695827791984 0.0 24000
1695827839233 0.0 28000
1695827885926 0.0 32000
1695827933104 0.0 36000
1695827979275 0.0 40000
1695828025187 0.0 44000
1695828071934 0.0 48000
1695828118366 0.0 52000
1695828164249 0.0 56000
1695828210810 0.0 60000
1695828256950 0.0 64000
1695828305469 0.0 68000
1695828352061 0.0 72000
1695828397919 0.0 76000
1695828444951 0.0 80000
1695828491356 0.0 84000
1695828538018 0.0 88000
1695828584065 0.0 92000
1695828631994 0.0 96000
1695828678700 0.0 100000
1695828725497 0.0 104000
1695828771401 0.0 108000
1695828818166 0.0 112000
1695828865314 0.0 116000
1695828911333 0.0 120000
1695828957975 0.0 124000
1695829004760 0.0 128000
1695829052160 0.0 132000
1695829099140 0.0 136000
1695829146283 0.0 140000
1695829193340 0.0 144000
1695829239873 0.0 148000
1695829287399 0.0 152000
1695829334766 0.0 156000
1695829382903 0.0 160000
1695829431113 0.0 164000
