1695827563189 0.0 4000
1695827606678 0.0 8000
1695827652130 0.0 12000
1695827698625 0.0 16000
1695827745535 0.0 20000
1695827792016 0.0 24000
1695827839249 0.0 28000
1695827885942 0.0 32000
1695827933121 0.0 36000
1695827979291 0.0 40000
1695828025202 0.0 44000
1695828071951 0.0 48000
1695828118382 0.0 52000
1695828164265 0.0 56000
1695828210833 0.0 60000
1695828256965 0.0 64000
1695828305485 0.0 68000
1695828352092 0.0 72000
1695828397932 0.0 76000
1695828444968 0.0 80000
1695828491374 0.0 84000
1695828538033 0.0 88000
1695828584097 0.0 92000
1695828632015 0.0 96000
1695828678716 0.0 100000
1695828725513 0.0 104000
1695828771432 0.0 108000
1695828818181 0.0 112000
1695828865345 0.0 116000
1695828911350 0.0 120000
1695828958006 0.0 124000
1695829004776 0.0 128000
1695829052176 0.0 132000
1695829099153 0.0 136000
1695829146299 0.0 140000
1695829193355 0.0 144000
1695829239904 0.0 148000
1695829287415 0.0 152000
1695829334785 0.0 156000
1695829382920 0.0 160000
1695829431142 0.0 164000
