1695827563159 60.0 4000
1695827606651 60.0 8000
1695827652114 60.0 12000
1695827698610 60.0 16000
1695827745502 60.0 20000
1695827791984 60.0 24000
1695827839217 60.0 28000
1695827885926 60.0 32000
1695827933104 60.0 36000
1695827979260 60.0 40000
1695828025179 60.0 44000
1695828071918 60.0 48000
1695828118351 60.0 52000
1695828164232 60.0 56000
1695828210793 60.0 60000
1695828256938 60.0 64000
1695828305453 60.0 68000
1695828352061 60.0 72000
1695828397917 60.0 76000
1695828444951 60.0 80000
1695828491348 60.0 84000
1695828538018 60.0 88000
1695828584065 60.0 92000
1695828631986 60.0 96000
1695828678683 60.0 100000
1695828725482 60.0 104000
1695828771401 60.0 108000
1695828818166 60.0 112000
1695828865314 60.0 116000
1695828911318 60.0 120000
1695828957975 60.0 124000
1695829004760 60.0 128000
1695829052150 60.0 132000
1695829099140 60.0 136000
1695829146267 60.0 140000
1695829193340 60.0 144000
1695829239873 60.0 148000
1695829287399 60.0 152000
1695829334758 60.0 156000
1695829382883 60.0 160000
1695829431113 60.0 164000
