1695827563103 20.0 4000
1695827606602 20.0 8000
1695827652065 20.0 12000
1695827698562 20.0 16000
1695827745454 20.0 20000
1695827791937 20.0 24000
1695827839171 20.0 28000
1695827885877 20.0 32000
1695827933056 20.0 36000
1695827979211 20.0 40000
1695828025106 20.0 44000
1695828071871 20.0 48000
1695828118318 20.0 52000
1695828164185 20.0 56000
1695828210746 20.0 60000
1695828256885 20.0 64000
1695828305407 20.0 68000
1695828352012 20.0 72000
1695828397868 20.0 76000
1695828444903 20.0 80000
1695828491301 20.0 84000
1695828537969 20.0 88000
1695828584018 20.0 92000
1695828631926 20.0 96000
1695828678636 20.0 100000
1695828725433 20.0 104000
1695828771361 20.0 108000
1695828818117 20.0 112000
1695828865266 20.0 116000
1695828911271 20.0 120000
1695828957928 20.0 124000
1695829004714 20.0 128000
1695829052111 20.0 132000
1695829099074 20.0 136000
1695829146219 20.0 140000
1695829193292 20.0 144000
1695829239827 20.0 148000
1695829287352 20.0 152000
1695829334698 20.0 156000
1695829382836 20.0 160000
1695829431070 20.0 164000
