1695827563177 0.2 4000
1695827606668 0.2 8000
1695827652130 0.2 12000
1695827698625 0.2 16000
1695827745524 0.2 20000
1695827792000 0.2 24000
1695827839238 0.2 28000
1695827885942 0.2 32000
1695827933121 0.2 36000
1695827979275 0.2 40000
1695828025187 0.2 44000
1695828071934 0.2 48000
1695828118366 0.2 52000
1695828164249 0.2 56000
1695828210810 0.2 60000
1695828256950 0.2 64000
1695828305469 0.2 68000
1695828352077 0.2 72000
1695828397932 0.2 76000
1695828444968 0.2 80000
1695828491363 0.2 84000
1695828538033 0.2 88000
1695828584081 0.2 92000
1695828632003 0.2 96000
1695828678700 0.2 100000
1695828725497 0.2 104000
1695828771417 0.2 108000
1695828818181 0.2 112000
1695828865330 0.2 116000
1695828911333 0.2 120000
1695828957991 0.2 124000
1695829004776 0.2 128000
1695829052160 0.2 132000
1695829099153 0.2 136000
1695829146288 0.2 140000
1695829193355 0.2 144000
1695829239889 0.2 148000
1695829287415 0.2 152000
1695829334774 0.2 156000
1695829382903 0.2 160000
1695829431132 0.2 164000
