1695827563185 0.01 4000
1695827606675 0.01 8000
1695827652130 0.01 12000
1695827698625 0.01 16000
1695827745532 0.01 20000
1695827792013 0.01 24000
1695827839238 0.01 28000
1695827885942 0.01 32000
1695827933121 0.01 36000
1695827979291 0.01 40000
1695828025202 0.01 44000
1695828071949 0.01 48000
1695828118382 0.01 52000
1695828164265 0.01 56000
1695828210826 0.01 60000
1695828256965 0.01 64000
1695828305485 0.01 68000
1695828352077 0.01 72000
1695828397932 0.01 76000
1695828444968 0.01 80000
1695828491371 0.01 84000
1695828538033 0.01 88000
1695828584097 0.01 92000
1695828632011 0.01 96000
1695828678716 0.01 100000
1695828725513 0.01 104000
1695828771417 0.01 108000
1695828818181 0.01 112000
1695828865330 0.01 116000
1695828911350 0.01 120000
1695828957991 0.01 124000
1695829004776 0.01 128000
1695829052176 0.01 132000
1695829099153 0.01 136000
1695829146288 0.01 140000
1695829193355 0.01 144000
1695829239889 0.01 148000
1695829287415 0.01 152000
1695829334782 0.01 156000
1695829382919 0.01 160000
1695829431139 0.01 164000
