1695827563122 5e-05 4000
1695827606618 5e-05 8000
1695827652082 5e-05 12000
1695827698578 5e-05 16000
1695827745470 5e-05 20000
1695827791952 5e-05 24000
1695827839186 5e-05 28000
1695827885894 5e-05 32000
1695827933072 5e-05 36000
1695827979228 5e-05 40000
1695828025137 5e-05 44000
1695828071886 5e-05 48000
1695828118334 5e-05 52000
1695828164200 5e-05 56000
1695828210777 5e-05 60000
1695828256903 5e-05 64000
1695828305422 5e-05 68000
1695828352030 5e-05 72000
1695828397884 5e-05 76000
1695828444920 5e-05 80000
1695828491317 5e-05 84000
1695828537992 5e-05 88000
1695828584034 5e-05 92000
1695828631942 5e-05 96000
1695828678652 5e-05 100000
1695828725448 5e-05 104000
1695828771369 5e-05 108000
1695828818133 5e-05 112000
1695828865281 5e-05 116000
1695828911287 5e-05 120000
1695828957947 5e-05 124000
1695829004729 5e-05 128000
1695829052128 5e-05 132000
1695829099106 5e-05 136000
1695829146236 5e-05 140000
1695829193308 5e-05 144000
1695829239842 5e-05 148000
1695829287368 5e-05 152000
1695829334726 5e-05 156000
1695829382851 5e-05 160000
1695829431085 5e-05 164000
