1695827563158 1000.0 4000
1695827606651 1000.0 8000
1695827652114 1000.0 12000
1695827698610 1000.0 16000
1695827745502 1000.0 20000
1695827791984 1000.0 24000
1695827839217 1000.0 28000
1695827885926 1000.0 32000
1695827933104 1000.0 36000
1695827979260 1000.0 40000
1695828025177 1000.0 44000
1695828071918 1000.0 48000
1695828118351 1000.0 52000
1695828164232 1000.0 56000
1695828210793 1000.0 60000
1695828256938 1000.0 64000
1695828305453 1000.0 68000
1695828352061 1000.0 72000
1695828397915 1000.0 76000
1695828444951 1000.0 80000
1695828491347 1000.0 84000
1695828538018 1000.0 88000
1695828584065 1000.0 92000
1695828631985 1000.0 96000
1695828678683 1000.0 100000
1695828725482 1000.0 104000
1695828771401 1000.0 108000
1695828818165 1000.0 112000
1695828865314 1000.0 116000
1695828911318 1000.0 120000
1695828957975 1000.0 124000
1695829004760 1000.0 128000
1695829052150 1000.0 132000
1695829099140 1000.0 136000
1695829146267 1000.0 140000
1695829193340 1000.0 144000
1695829239873 1000.0 148000
1695829287399 1000.0 152000
1695829334757 1000.0 156000
1695829382883 1000.0 160000
1695829431113 1000.0 164000
