1695827563147 100.0 4000
1695827606635 100.0 8000
1695827652099 100.0 12000
1695827698594 100.0 16000
1695827745486 100.0 20000
1695827791975 100.0 24000
1695827839202 100.0 28000
1695827885909 100.0 32000
1695827933090 100.0 36000
1695827979244 100.0 40000
1695828025153 100.0 44000
1695828071902 100.0 48000
1695828118351 100.0 52000
1695828164232 100.0 56000
1695828210793 100.0 60000
1695828256934 100.0 64000
1695828305453 100.0 68000
1695828352046 100.0 72000
1695828397899 100.0 76000
1695828444935 100.0 80000
1695828491338 100.0 84000
1695828538002 100.0 88000
1695828584050 100.0 92000
1695828631974 100.0 96000
1695828678683 100.0 100000
1695828725466 100.0 104000
1695828771385 100.0 108000
1695828818150 100.0 112000
1695828865297 100.0 116000
1695828911318 100.0 120000
1695828957959 100.0 124000
1695829004745 100.0 128000
1695829052144 100.0 132000
1695829099121 100.0 136000
1695829146251 100.0 140000
1695829193328 100.0 144000
1695829239857 100.0 148000
1695829287384 100.0 152000
1695829334747 100.0 156000
1695829382883 100.0 160000
1695829431106 100.0 164000
