1695827563100 1.0 4000
1695827606587 1.0 8000
1695827652065 1.0 12000
1695827698562 1.0 16000
1695827745454 1.0 20000
1695827791937 1.0 24000
1695827839171 1.0 28000
1695827885877 1.0 32000
1695827933056 1.0 36000
1695827979211 1.0 40000
1695828025106 1.0 44000
1695828071871 1.0 48000
1695828118302 1.0 52000
1695828164185 1.0 56000
1695828210746 1.0 60000
1695828256885 1.0 64000
1695828305407 1.0 68000
1695828352012 1.0 72000
1695828397868 1.0 76000
1695828444903 1.0 80000
1695828491298 1.0 84000
1695828537969 1.0 88000
1695828584018 1.0 92000
1695828631926 1.0 96000
1695828678636 1.0 100000
1695828725433 1.0 104000
1695828771354 1.0 108000
1695828818101 1.0 112000
1695828865266 1.0 116000
1695828911271 1.0 120000
1695828957928 1.0 124000
1695829004714 1.0 128000
1695829052095 1.0 132000
1695829099074 1.0 136000
1695829146219 1.0 140000
1695829193292 1.0 144000
1695829239827 1.0 148000
1695829287352 1.0 152000
1695829334698 1.0 156000
1695829382836 1.0 160000
1695829431067 1.0 164000
