1695827563190 10.0 4000
1695827606680 10.0 8000
1695827652145 10.0 12000
1695827698642 10.0 16000
1695827745537 10.0 20000
1695827792018 10.0 24000
1695827839249 10.0 28000
1695827885942 10.0 32000
1695827933136 10.0 36000
1695827979291 10.0 40000
1695828025202 10.0 44000
1695828071951 10.0 48000
1695828118382 10.0 52000
1695828164265 10.0 56000
1695828210833 10.0 60000
1695828256965 10.0 64000
1695828305485 10.0 68000
1695828352092 10.0 72000
1695828397932 10.0 76000
1695828444968 10.0 80000
1695828491375 10.0 84000
1695828538049 10.0 88000
1695828584097 10.0 92000
1695828632017 10.0 96000
1695828678716 10.0 100000
1695828725513 10.0 104000
1695828771432 10.0 108000
1695828818197 10.0 112000
1695828865345 10.0 116000
1695828911350 10.0 120000
1695828958006 10.0 124000
1695829004792 10.0 128000
1695829052176 10.0 132000
1695829099169 10.0 136000
1695829146299 10.0 140000
1695829193371 10.0 144000
1695829239904 10.0 148000
1695829287415 10.0 152000
1695829334786 10.0 156000
1695829382920 10.0 160000
1695829431148 10.0 164000
