1695827563179 30.0 4000
1695827606670 30.0 8000
1695827652130 30.0 12000
1695827698625 30.0 16000
1695827745526 30.0 20000
1695827792000 30.0 24000
1695827839238 30.0 28000
1695827885942 30.0 32000
1695827933121 30.0 36000
1695827979275 30.0 40000
1695828025187 30.0 44000
1695828071934 30.0 48000
1695828118382 30.0 52000
1695828164249 30.0 56000
1695828210810 30.0 60000
1695828256965 30.0 64000
1695828305469 30.0 68000
1695828352077 30.0 72000
1695828397932 30.0 76000
1695828444968 30.0 80000
1695828491365 30.0 84000
1695828538033 30.0 88000
1695828584081 30.0 92000
1695828632005 30.0 96000
1695828678700 30.0 100000
1695828725497 30.0 104000
1695828771417 30.0 108000
1695828818181 30.0 112000
1695828865330 30.0 116000
1695828911350 30.0 120000
1695828957991 30.0 124000
1695829004776 30.0 128000
1695829052160 30.0 132000
1695829099153 30.0 136000
1695829146288 30.0 140000
1695829193355 30.0 144000
1695829239889 30.0 148000
1695829287415 30.0 152000
1695829334776 30.0 156000
1695829382903 30.0 160000
1695829431134 30.0 164000
