1695827563138 1.0 4000
1695827606634 1.0 8000
1695827652099 1.0 12000
1695827698594 1.0 16000
1695827745486 1.0 20000
1695827791968 1.0 24000
1695827839202 1.0 28000
1695827885909 1.0 32000
1695827933090 1.0 36000
1695827979244 1.0 40000
1695828025153 1.0 44000
1695828071902 1.0 48000
1695828118334 1.0 52000
1695828164216 1.0 56000
1695828210777 1.0 60000
1695828256917 1.0 64000
1695828305438 1.0 68000
1695828352046 1.0 72000
1695828397899 1.0 76000
1695828444920 1.0 80000
1695828491330 1.0 84000
1695828538002 1.0 88000
1695828584050 1.0 92000
1695828631958 1.0 96000
1695828678668 1.0 100000
1695828725466 1.0 104000
1695828771385 1.0 108000
1695828818149 1.0 112000
1695828865297 1.0 116000
1695828911302 1.0 120000
1695828957959 1.0 124000
1695829004745 1.0 128000
1695829052128 1.0 132000
1695829099121 1.0 136000
1695829146251 1.0 140000
1695829193324 1.0 144000
1695829239857 1.0 148000
1695829287371 1.0 152000
1695829334740 1.0 156000
1695829382873 1.0 160000
1695829431099 1.0 164000
