1695827563132 67108864.0 4000
1695827606618 67108864.0 8000
1695827652087 67108864.0 12000
1695827698578 67108864.0 16000
1695827745486 67108864.0 20000
1695827791952 67108864.0 24000
1695827839202 67108864.0 28000
1695827885894 67108864.0 32000
1695827933088 67108864.0 36000
1695827979244 67108864.0 40000
1695828025137 67108864.0 44000
1695828071902 67108864.0 48000
1695828118334 67108864.0 52000
1695828164216 67108864.0 56000
1695828210777 67108864.0 60000
1695828256917 67108864.0 64000
1695828305438 67108864.0 68000
1695828352030 67108864.0 72000
1695828397884 67108864.0 76000
1695828444920 67108864.0 80000
1695828491325 67108864.0 84000
1695828537992 67108864.0 88000
1695828584034 67108864.0 92000
1695828631958 67108864.0 96000
1695828678668 67108864.0 100000
1695828725466 67108864.0 104000
1695828771385 67108864.0 108000
1695828818133 67108864.0 112000
1695828865297 67108864.0 116000
1695828911302 67108864.0 120000
1695828957959 67108864.0 124000
1695829004729 67108864.0 128000
1695829052128 67108864.0 132000
1695829099106 67108864.0 136000
1695829146251 67108864.0 140000
1695829193308 67108864.0 144000
1695829239857 67108864.0 148000
1695829287371 67108864.0 152000
1695829334735 67108864.0 156000
1695829382873 67108864.0 160000
1695829431094 67108864.0 164000
