1695827563130 0.0 4000
1695827606618 0.0 8000
1695827652087 0.0 12000
1695827698578 0.0 16000
1695827745470 0.0 20000
1695827791952 0.0 24000
1695827839186 0.0 28000
1695827885894 0.0 32000
1695827933072 0.0 36000
1695827979228 0.0 40000
1695828025137 0.0 44000
1695828071902 0.0 48000
1695828118334 0.0 52000
1695828164216 0.0 56000
1695828210777 0.0 60000
1695828256917 0.0 64000
1695828305438 0.0 68000
1695828352030 0.0 72000
1695828397884 0.0 76000
1695828444920 0.0 80000
1695828491323 0.0 84000
1695828537992 0.0 88000
1695828584034 0.0 92000
1695828631958 0.0 96000
1695828678668 0.0 100000
1695828725465 0.0 104000
1695828771385 0.0 108000
1695828818133 0.0 112000
1695828865297 0.0 116000
1695828911302 0.0 120000
1695828957947 0.0 124000
1695829004729 0.0 128000
1695829052128 0.0 132000
1695829099106 0.0 136000
1695829146251 0.0 140000
1695829193308 0.0 144000
1695829239842 0.0 148000
1695829287371 0.0 152000
1695829334733 0.0 156000
1695829382873 0.0 160000
1695829431092 0.0 164000
