1695827563154 0.0 4000
1695827606635 0.0 8000
1695827652114 0.0 12000
1695827698610 0.0 16000
1695827745502 0.0 20000
1695827791984 0.0 24000
1695827839217 0.0 28000
1695827885909 0.0 32000
1695827933104 0.0 36000
1695827979260 0.0 40000
1695828025174 0.0 44000
1695828071918 0.0 48000
1695828118351 0.0 52000
1695828164232 0.0 56000
1695828210793 0.0 60000
1695828256938 0.0 64000
1695828305453 0.0 68000
1695828352061 0.0 72000
1695828397899 0.0 76000
1695828444935 0.0 80000
1695828491344 0.0 84000
1695828538018 0.0 88000
1695828584065 0.0 92000
1695828631982 0.0 96000
1695828678683 0.0 100000
1695828725482 0.0 104000
1695828771401 0.0 108000
1695828818160 0.0 112000
1695828865314 0.0 116000
1695828911318 0.0 120000
1695828957975 0.0 124000
1695829004760 0.0 128000
1695829052150 0.0 132000
1695829099137 0.0 136000
1695829146267 0.0 140000
1695829193340 0.0 144000
1695829239873 0.0 148000
1695829287384 0.0 152000
1695829334754 0.0 156000
1695829382883 0.0 160000
1695829431113 0.0 164000
