1695827563178 128.0 4000
1695827606669 128.0 8000
1695827652130 128.0 12000
1695827698625 128.0 16000
1695827745525 128.0 20000
1695827792000 128.0 24000
1695827839238 128.0 28000
1695827885942 128.0 32000
1695827933121 128.0 36000
1695827979275 128.0 40000
1695828025187 128.0 44000
1695828071934 128.0 48000
1695828118382 128.0 52000
1695828164249 128.0 56000
1695828210810 128.0 60000
1695828256965 128.0 64000
1695828305469 128.0 68000
1695828352077 128.0 72000
1695828397932 128.0 76000
1695828444968 128.0 80000
1695828491365 128.0 84000
1695828538033 128.0 88000
1695828584081 128.0 92000
1695828632004 128.0 96000
1695828678700 128.0 100000
1695828725497 128.0 104000
1695828771417 128.0 108000
1695828818181 128.0 112000
1695828865330 128.0 116000
1695828911349 128.0 120000
1695828957991 128.0 124000
1695829004776 128.0 128000
1695829052160 128.0 132000
1695829099153 128.0 136000
1695829146288 128.0 140000
1695829193355 128.0 144000
1695829239889 128.0 148000
1695829287415 128.0 152000
1695829334775 128.0 156000
1695829382903 128.0 160000
1695829431133 128.0 164000
