1695827563124 4000.0 4000
1695827606618 4000.0 8000
1695827652087 4000.0 12000
1695827698578 4000.0 16000
1695827745470 4000.0 20000
1695827791952 4000.0 24000
1695827839186 4000.0 28000
1695827885894 4000.0 32000
1695827933072 4000.0 36000
1695827979228 4000.0 40000
1695828025137 4000.0 44000
1695828071896 4000.0 48000
1695828118334 4000.0 52000
1695828164200 4000.0 56000
1695828210777 4000.0 60000
1695828256903 4000.0 64000
1695828305422 4000.0 68000
1695828352030 4000.0 72000
1695828397884 4000.0 76000
1695828444920 4000.0 80000
1695828491318 4000.0 84000
1695828537992 4000.0 88000
1695828584034 4000.0 92000
1695828631942 4000.0 96000
1695828678652 4000.0 100000
1695828725448 4000.0 104000
1695828771369 4000.0 108000
1695828818133 4000.0 112000
1695828865281 4000.0 116000
1695828911287 4000.0 120000
1695828957947 4000.0 124000
1695829004729 4000.0 128000
1695829052128 4000.0 132000
1695829099106 4000.0 136000
1695829146236 4000.0 140000
1695829193308 4000.0 144000
1695829239842 4000.0 148000
1695829287371 4000.0 152000
1695829334727 4000.0 156000
1695829382867 4000.0 160000
1695829431086 4000.0 164000
