1695827563186 -1.0 4000
1695827606676 -1.0 8000
1695827652130 -1.0 12000
1695827698625 -1.0 16000
1695827745533 -1.0 20000
1695827792014 -1.0 24000
1695827839249 -1.0 28000
1695827885942 -1.0 32000
1695827933121 -1.0 36000
1695827979291 -1.0 40000
1695828025202 -1.0 44000
1695828071951 -1.0 48000
1695828118382 -1.0 52000
1695828164265 -1.0 56000
1695828210826 -1.0 60000
1695828256965 -1.0 64000
1695828305485 -1.0 68000
1695828352077 -1.0 72000
1695828397932 -1.0 76000
1695828444968 -1.0 80000
1695828491372 -1.0 84000
1695828538033 -1.0 88000
1695828584097 -1.0 92000
1695828632013 -1.0 96000
1695828678716 -1.0 100000
1695828725513 -1.0 104000
1695828771432 -1.0 108000
1695828818181 -1.0 112000
1695828865345 -1.0 116000
1695828911350 -1.0 120000
1695828958006 -1.0 124000
1695829004776 -1.0 128000
1695829052176 -1.0 132000
1695829099153 -1.0 136000
1695829146299 -1.0 140000
1695829193355 -1.0 144000
1695829239904 -1.0 148000
1695829287415 -1.0 152000
1695829334783 -1.0 156000
1695829382920 -1.0 160000
1695829431140 -1.0 164000
