1695827563163 1800.0 4000
1695827606651 1800.0 8000
1695827652114 1800.0 12000
1695827698610 1800.0 16000
1695827745502 1800.0 20000
1695827791984 1800.0 24000
1695827839217 1800.0 28000
1695827885926 1800.0 32000
1695827933104 1800.0 36000
1695827979260 1800.0 40000
1695828025183 1800.0 44000
1695828071918 1800.0 48000
1695828118366 1800.0 52000
1695828164248 1800.0 56000
1695828210810 1800.0 60000
1695828256950 1800.0 64000
1695828305453 1800.0 68000
1695828352061 1800.0 72000
1695828397919 1800.0 76000
1695828444951 1800.0 80000
1695828491352 1800.0 84000
1695828538018 1800.0 88000
1695828584065 1800.0 92000
1695828631990 1800.0 96000
1695828678683 1800.0 100000
1695828725482 1800.0 104000
1695828771401 1800.0 108000
1695828818166 1800.0 112000
1695828865314 1800.0 116000
1695828911333 1800.0 120000
1695828957975 1800.0 124000
1695829004760 1800.0 128000
1695829052160 1800.0 132000
1695829099140 1800.0 136000
1695829146267 1800.0 140000
1695829193340 1800.0 144000
1695829239873 1800.0 148000
1695829287399 1800.0 152000
1695829334761 1800.0 156000
1695829382900 1800.0 160000
1695829431113 1800.0 164000
