1695827563207 0.0 4000
1695827606737 0.0 8000
1695827652193 0.0 12000
1695827698677 0.0 16000
1695827745570 0.0 20000
1695827792062 0.0 24000
1695827839297 0.0 28000
1695827885989 0.0 32000
1695827933183 0.0 36000
1695827979339 0.0 40000
1695828025265 0.0 44000
1695828071998 0.0 48000
1695828118434 0.0 52000
1695828164312 0.0 56000
1695828210873 0.0 60000
1695828257028 0.0 64000
1695828305533 0.0 68000
1695828352141 0.0 72000
1695828397979 0.0 76000
1695828445030 0.0 80000
1695828491425 0.0 84000
1695828538098 0.0 88000
1695828584145 0.0 92000
1695828632065 0.0 96000
1695828678769 0.0 100000
1695828725562 0.0 104000
1695828771481 0.0 108000
1695828818244 0.0 112000
1695828865393 0.0 116000
1695828911398 0.0 120000
1695828958054 0.0 124000
1695829004840 0.0 128000
1695829052223 0.0 132000
1695829099217 0.0 136000
1695829146347 0.0 140000
1695829193419 0.0 144000
1695829239953 0.0 148000
1695829287471 0.0 152000
1695829334837 0.0 156000
1695829382967 0.0 160000
1695829431194 0.0 164000
