1695827563226 32.0 4000
1695827606754 32.0 8000
1695827652194 32.0 12000
1695827698706 32.0 16000
1695827745602 32.0 20000
1695827792078 32.0 24000
1695827839313 32.0 28000
1695827886005 32.0 32000
1695827933199 32.0 36000
1695827979355 32.0 40000
1695828025282 32.0 44000
1695828072013 32.0 48000
1695828118445 32.0 52000
1695828164332 32.0 56000
1695828210894 32.0 60000
1695828257045 32.0 64000
1695828305549 32.0 68000
1695828352157 32.0 72000
1695828397995 32.0 76000
1695828445046 32.0 80000
1695828491442 32.0 84000
1695828538113 32.0 88000
1695828584161 32.0 92000
1695828632082 32.0 96000
1695828678795 32.0 100000
1695828725577 32.0 104000
1695828771497 32.0 108000
1695828818261 32.0 112000
1695828865408 32.0 116000
1695828911414 32.0 120000
1695828958070 32.0 124000
1695829004856 32.0 128000
1695829052240 32.0 132000
1695829099240 32.0 136000
1695829146363 32.0 140000
1695829193428 32.0 144000
1695829239969 32.0 148000
1695829287479 32.0 152000
1695829334853 32.0 156000
1695829382983 32.0 160000
1695829431212 32.0 164000
