1695827563224 50.0 4000
1695827606749 50.0 8000
1695827652194 50.0 12000
1695827698690 50.0 16000
1695827745586 50.0 20000
1695827792078 50.0 24000
1695827839313 50.0 28000
1695827886005 50.0 32000
1695827933199 50.0 36000
1695827979355 50.0 40000
1695828025281 50.0 44000
1695828072013 50.0 48000
1695828118445 50.0 52000
1695828164332 50.0 56000
1695828210894 50.0 60000
1695828257045 50.0 64000
1695828305549 50.0 68000
1695828352157 50.0 72000
1695828397995 50.0 76000
1695828445046 50.0 80000
1695828491439 50.0 84000
1695828538098 50.0 88000
1695828584161 50.0 92000
1695828632077 50.0 96000
1695828678795 50.0 100000
1695828725577 50.0 104000
1695828771497 50.0 108000
1695828818261 50.0 112000
1695828865408 50.0 116000
1695828911414 50.0 120000
1695828958070 50.0 124000
1695829004856 50.0 128000
1695829052240 50.0 132000
1695829099232 50.0 136000
1695829146363 50.0 140000
1695829193428 50.0 144000
1695829239969 50.0 148000
1695829287479 50.0 152000
1695829334852 50.0 156000
1695829382983 50.0 160000
1695829431211 50.0 164000
