1695827563228 2.0 4000
1695827606754 2.0 8000
1695827652194 2.0 12000
1695827698706 2.0 16000
1695827745602 2.0 20000
1695827792078 2.0 24000
1695827839313 2.0 28000
1695827886005 2.0 32000
1695827933199 2.0 36000
1695827979355 2.0 40000
1695828025282 2.0 44000
1695828072013 2.0 48000
1695828118445 2.0 52000
1695828164332 2.0 56000
1695828210894 2.0 60000
1695828257045 2.0 64000
1695828305549 2.0 68000
1695828352157 2.0 72000
1695828397995 2.0 76000
1695828445046 2.0 80000
1695828491443 2.0 84000
1695828538113 2.0 88000
1695828584161 2.0 92000
1695828632083 2.0 96000
1695828678795 2.0 100000
1695828725577 2.0 104000
1695828771497 2.0 108000
1695828818261 2.0 112000
1695828865408 2.0 116000
1695828911414 2.0 120000
1695828958070 2.0 124000
1695829004856 2.0 128000
1695829052240 2.0 132000
1695829099240 2.0 136000
1695829146363 2.0 140000
1695829193436 2.0 144000
1695829239969 2.0 148000
1695829287479 2.0 152000
1695829334855 2.0 156000
1695829382983 2.0 160000
1695829431213 2.0 164000
