1695827563222 1.0 4000
1695827606749 1.0 8000
1695827652194 1.0 12000
1695827698690 1.0 16000
1695827745586 1.0 20000
1695827792078 1.0 24000
1695827839313 1.0 28000
1695827886005 1.0 32000
1695827933190 1.0 36000
1695827979355 1.0 40000
1695828025265 1.0 44000
1695828072013 1.0 48000
1695828118445 1.0 52000
1695828164332 1.0 56000
1695828210894 1.0 60000
1695828257044 1.0 64000
1695828305549 1.0 68000
1695828352157 1.0 72000
1695828397995 1.0 76000
1695828445030 1.0 80000
1695828491437 1.0 84000
1695828538098 1.0 88000
1695828584161 1.0 92000
1695828632077 1.0 96000
1695828678779 1.0 100000
1695828725577 1.0 104000
1695828771481 1.0 108000
1695828818244 1.0 112000
1695828865408 1.0 116000
1695828911414 1.0 120000
1695828958070 1.0 124000
1695829004856 1.0 128000
1695829052240 1.0 132000
1695829099232 1.0 136000
1695829146363 1.0 140000
1695829193428 1.0 144000
1695829239953 1.0 148000
1695829287479 1.0 152000
1695829334850 1.0 156000
1695829382983 1.0 160000
1695829431209 1.0 164000
