1695827563221 64.0 4000
1695827606749 64.0 8000
1695827652194 64.0 12000
1695827698690 64.0 16000
1695827745586 64.0 20000
1695827792078 64.0 24000
1695827839297 64.0 28000
1695827886005 64.0 32000
1695827933190 64.0 36000
1695827979355 64.0 40000
1695828025265 64.0 44000
1695828071998 64.0 48000
1695828118445 64.0 52000
1695828164332 64.0 56000
1695828210894 64.0 60000
1695828257038 64.0 64000
1695828305549 64.0 68000
1695828352157 64.0 72000
1695828397995 64.0 76000
1695828445030 64.0 80000
1695828491436 64.0 84000
1695828538098 64.0 88000
1695828584161 64.0 92000
1695828632077 64.0 96000
1695828678779 64.0 100000
1695828725577 64.0 104000
1695828771481 64.0 108000
1695828818244 64.0 112000
1695828865408 64.0 116000
1695828911414 64.0 120000
1695828958054 64.0 124000
1695829004856 64.0 128000
1695829052240 64.0 132000
1695829099232 64.0 136000
1695829146347 64.0 140000
1695829193428 64.0 144000
1695829239953 64.0 148000
1695829287479 64.0 152000
1695829334849 64.0 156000
1695829382983 64.0 160000
1695829431208 64.0 164000
