1695827563232 84.0 4000
1695827606754 84.0 8000
1695827652210 84.0 12000
1695827698706 84.0 16000
1695827745602 84.0 20000
1695827792078 84.0 24000
1695827839313 84.0 28000
1695827886021 84.0 32000
1695827933199 84.0 36000
1695827979355 84.0 40000
1695828025282 84.0 44000
1695828072013 84.0 48000
1695828118461 84.0 52000
1695828164332 84.0 56000
1695828210894 84.0 60000
1695828257045 84.0 64000
1695828305549 84.0 68000
1695828352157 84.0 72000
1695828398010 84.0 76000
1695828445046 84.0 80000
1695828491446 84.0 84000
1695828538113 84.0 88000
1695828584161 84.0 92000
1695828632086 84.0 96000
1695828678795 84.0 100000
1695828725577 84.0 104000
1695828771497 84.0 108000
1695828818261 84.0 112000
1695828865408 84.0 116000
1695828911429 84.0 120000
1695828958070 84.0 124000
1695829004856 84.0 128000
1695829052250 84.0 132000
1695829099240 84.0 136000
1695829146363 84.0 140000
1695829193436 84.0 144000
1695829239969 84.0 148000
1695829287495 84.0 152000
1695829334858 84.0 156000
1695829382983 84.0 160000
1695829431217 84.0 164000
