1695827563233 0.0 4000
1695827606754 0.0 8000
1695827652210 0.0 12000
1695827698706 0.0 16000
1695827745602 0.0 20000
1695827792078 0.0 24000
1695827839313 0.0 28000
1695827886021 0.0 32000
1695827933199 0.0 36000
1695827979355 0.0 40000
1695828025282 0.0 44000
1695828072013 0.0 48000
1695828118462 0.0 52000
1695828164343 0.0 56000
1695828210894 0.0 60000
1695828257045 0.0 64000
1695828305549 0.0 68000
1695828352157 0.0 72000
1695828398010 0.0 76000
1695828445046 0.0 80000
1695828491447 0.0 84000
1695828538113 0.0 88000
1695828584161 0.0 92000
1695828632087 0.0 96000
1695828678795 0.0 100000
1695828725577 0.0 104000
1695828771497 0.0 108000
1695828818261 0.0 112000
1695828865408 0.0 116000
1695828911429 0.0 120000
1695828958070 0.0 124000
1695829004856 0.0 128000
1695829052250 0.0 132000
1695829099240 0.0 136000
1695829146363 0.0 140000
1695829193436 0.0 144000
1695829239969 0.0 148000
1695829287495 0.0 152000
1695829334859 0.0 156000
1695829382983 0.0 160000
1695829431218 0.0 164000
