1695827563215 256.0 4000
1695827606738 256.0 8000
1695827652194 256.0 12000
1695827698690 256.0 16000
1695827745586 256.0 20000
1695827792062 256.0 24000
1695827839297 256.0 28000
1695827886005 256.0 32000
1695827933190 256.0 36000
1695827979339 256.0 40000
1695828025265 256.0 44000
1695828071998 256.0 48000
1695828118445 256.0 52000
1695828164327 256.0 56000
1695828210891 256.0 60000
1695828257028 256.0 64000
1695828305533 256.0 68000
1695828352141 256.0 72000
1695828397995 256.0 76000
1695828445030 256.0 80000
1695828491431 256.0 84000
1695828538098 256.0 88000
1695828584145 256.0 92000
1695828632066 256.0 96000
1695828678779 256.0 100000
1695828725576 256.0 104000
1695828771481 256.0 108000
1695828818244 256.0 112000
1695828865393 256.0 116000
1695828911414 256.0 120000
1695828958054 256.0 124000
1695829004840 256.0 128000
1695829052223 256.0 132000
1695829099217 256.0 136000
1695829146347 256.0 140000
1695829193419 256.0 144000
1695829239953 256.0 148000
1695829287479 256.0 152000
1695829334843 256.0 156000
1695829382973 256.0 160000
1695829431194 256.0 164000
