1695827563236 -1.0 4000
1695827606754 -1.0 8000
1695827652210 -1.0 12000
1695827698706 -1.0 16000
1695827745602 -1.0 20000
1695827792078 -1.0 24000
1695827839329 -1.0 28000
1695827886021 -1.0 32000
1695827933199 -1.0 36000
1695827979371 -1.0 40000
1695828025282 -1.0 44000
1695828072013 -1.0 48000
1695828118462 -1.0 52000
1695828164343 -1.0 56000
1695828210911 -1.0 60000
1695828257045 -1.0 64000
1695828305565 -1.0 68000
1695828352157 -1.0 72000
1695828398010 -1.0 76000
1695828445046 -1.0 80000
1695828491450 -1.0 84000
1695828538113 -1.0 88000
1695828584161 -1.0 92000
1695828632090 -1.0 96000
1695828678795 -1.0 100000
1695828725594 -1.0 104000
1695828771497 -1.0 108000
1695828818261 -1.0 112000
1695828865408 -1.0 116000
1695828911429 -1.0 120000
1695828958070 -1.0 124000
1695829004856 -1.0 128000
1695829052250 -1.0 132000
1695829099248 -1.0 136000
1695829146363 -1.0 140000
1695829193436 -1.0 144000
1695829239969 -1.0 148000
1695829287495 -1.0 152000
1695829334862 -1.0 156000
1695829382983 -1.0 160000
1695829431220 -1.0 164000
