1695827563214 20.0 4000
1695827606738 20.0 8000
1695827652194 20.0 12000
1695827698690 20.0 16000
1695827745586 20.0 20000
1695827792062 20.0 24000
1695827839297 20.0 28000
1695827886005 20.0 32000
1695827933190 20.0 36000
1695827979339 20.0 40000
1695828025265 20.0 44000
1695828071998 20.0 48000
1695828118445 20.0 52000
1695828164312 20.0 56000
1695828210890 20.0 60000
1695828257028 20.0 64000
1695828305533 20.0 68000
1695828352141 20.0 72000
1695828397995 20.0 76000
1695828445030 20.0 80000
1695828491430 20.0 84000
1695828538098 20.0 88000
1695828584145 20.0 92000
1695828632066 20.0 96000
1695828678779 20.0 100000
1695828725562 20.0 104000
1695828771481 20.0 108000
1695828818244 20.0 112000
1695828865393 20.0 116000
1695828911414 20.0 120000
1695828958054 20.0 124000
1695829004840 20.0 128000
1695829052223 20.0 132000
1695829099217 20.0 136000
1695829146347 20.0 140000
1695829193419 20.0 144000
1695829239953 20.0 148000
1695829287479 20.0 152000
1695829334842 20.0 156000
1695829382973 20.0 160000
1695829431194 20.0 164000
