1695832489760 0.24265095554323218 12000
1695832537037 0.22495057267791682 16000
1695832584036 0.22495057267791682 20000
1695832631133 0.22364412289686536 24000
1695832679639 0.22324852384450866 28000
1695832726692 0.22324852384450866 32000
1695832772926 0.22406782878375345 36000
1695832820201 0.2219613755440999 40000
1695832867972 0.2219613755440999 44000
1695832915293 0.22368690330211505 48000
1695832962370 0.22258238470520786 52000
1695833010668 0.2225104417478723 56000
1695833058555 0.22386763788721764 60000
1695833105506 0.22326250666444714 64000
1695833151778 0.2225770957780459 68000
1695833198180 0.22328993506610562 72000
1695833244661 0.22285915735896908 76000
1695833290770 0.2226081146316193 80000
1695833336995 0.2227906921298023 84000
1695833383556 0.22257946655500999 88000
1695833431442 0.22262017811586543 92000
1695833480222 0.22237143526469755 96000
1695833527720 0.2225578348338369 100000
1695833575432 0.22259275219519806 104000
1695833622165 0.2220966812815298 108000
1695833668778 0.2223389524287019 112000
1695833716672 0.2226879674475186 116000
1695833763309 0.22208140240409086 120000
1695833810166 0.22219821299342626 124000
1695833857861 0.2216174967637016 128000
1695833906601 0.22127022147772307 132000
1695833954226 0.22179359846974525 136000
1695834000756 0.22207331311727496 140000
1695834047924 0.22186080427122623 144000
1695834094525 0.22179320764311147 148000
1695834142005 0.22235368471540082 152000
1695834188855 0.2228167086442435 156000
1695834235513 0.22177200474136322 160000
1695834282411 0.2228910105088376 164000
