1695832489743 0.5633884623683958 12000
1695832537037 0.53890065100774 16000
1695832584036 0.53890065100774 20000
1695832631133 0.5469638952788709 24000
1695832679639 0.53761071351189 28000
1695832726677 0.53761071351189 32000
1695832772926 0.5395809356776246 36000
1695832820201 0.5422583895856925 40000
1695832867956 0.5422583895856925 44000
1695832915293 0.5445709860591446 48000
1695832962355 0.5448385120803624 52000
1695833010665 0.5464218771238128 56000
1695833058555 0.5474708862521536 60000
1695833105506 0.5474746257463451 64000
1695833151778 0.5479570542533808 68000
1695833198165 0.5484375880296412 72000
1695833244661 0.5491874788577252 76000
1695833290770 0.5496796403537729 80000
1695833336995 0.5494671702697221 84000
1695833383556 0.5506297817790267 88000
1695833431442 0.5515724465734878 92000
1695833480222 0.5504445027242191 96000
1695833527720 0.5515831323856173 100000
1695833575429 0.552950438674694 104000
1695833622162 0.5516898135032252 108000
1695833668775 0.5525899493669968 112000
1695833716669 0.5532063041680406 116000
1695833763306 0.55334284884555 120000
1695833810163 0.5539277087819103 124000
1695833857858 0.5549641710833675 128000
1695833906598 0.5550752345436756 132000
1695833954223 0.5539254429702666 136000
1695834000753 0.5580890905637901 140000
1695834047921 0.5589394057241033 144000
1695834094522 0.5578156225653947 148000
1695834142003 0.5592826543202829 152000
1695834188852 0.5594452415116459 156000
1695834235511 0.5579977111028523 160000
1695834282408 0.5598263078028466 164000
