1695832489760 0.1935752404917289 12000
1695832537037 0.1871774615383436 16000
1695832584036 0.1871774615383436 20000
1695832631133 0.18463003314081244 24000
1695832679639 0.18910918360761592 28000
1695832726692 0.18910918360761592 32000
1695832772926 0.18781351611685657 36000
1695832820201 0.1897826430754359 40000
1695832867972 0.1897826430754359 44000
1695832915293 0.18826185885671626 48000
1695832962368 0.18974381691931333 52000
1695833010667 0.1897636886360774 56000
1695833058555 0.1894952356028416 60000
1695833105506 0.1901001020933659 64000
1695833151778 0.19051777311715865 68000
1695833198180 0.19043805818694864 72000
1695833244661 0.18993400275211483 76000
1695833290770 0.18986306827903626 80000
1695833336995 0.19023978581460546 84000
1695833383556 0.1894347055479938 88000
1695833431442 0.1900013038203835 92000
1695833480222 0.18992113654973236 96000
1695833527720 0.18971870167142763 100000
1695833575431 0.18994583941103954 104000
1695833622164 0.18982406560027626 108000
1695833668777 0.18964495135444964 112000
1695833716671 0.189663001805236 116000
1695833763308 0.18990613315948926 120000
1695833810165 0.1899080560579963 124000
1695833857860 0.18955012057862397 128000
1695833906600 0.1895897271793579 132000
1695833954225 0.1898356416492658 136000
1695834000755 0.18942176197526656 140000
1695834047923 0.18941045015521382 144000
1695834094524 0.18942838936037776 148000
1695834142004 0.18882174342357674 152000
1695834188854 0.1887590321074489 156000
1695834235513 0.1888128959200278 160000
1695834282410 0.18843766043119264 164000
