1695832489758 3.655388392973303 12000
1695832537037 3.789668040455096 16000
1695832584036 3.789668040455096 20000
1695832631133 3.8036624297945587 24000
1695832679639 3.8299003524060873 28000
1695832726677 3.8299003524060873 32000
1695832772926 3.8371108512266914 36000
1695832820201 3.845154765011327 40000
1695832867972 3.845154765011327 44000
1695832915293 3.842099697880966 48000
1695832962355 3.8502185033048084 52000
1695833010666 3.8497337309670687 56000
1695833058555 3.84958782154958 60000
1695833105506 3.859640862291012 64000
1695833151778 3.86087008079221 68000
1695833198165 3.8633579991354483 72000
1695833244661 3.8622406218976204 76000
1695833290770 3.86198598348596 80000
1695833336995 3.86422673678235 84000
1695833383556 3.863304095933211 88000
1695833431442 3.8649855897500998 92000
1695833480222 3.8670018039535377 96000
1695833527720 3.868571921873705 100000
1695833575430 3.8690202873722725 104000
1695833622163 3.870372868748085 108000
1695833668776 3.871787228373513 112000
1695833716670 3.8712407979547963 116000
1695833763307 3.872937987597201 120000
1695833810164 3.878505367127721 124000
1695833857859 3.8853983457928805 128000
1695833906599 3.8856573596073365 132000
1695833954224 3.885556361329169 136000
1695834000754 3.8880289516654454 140000
1695834047922 3.8876765623939753 144000
1695834094523 3.8877359424337037 148000
1695834142003 3.888178434655406 152000
1695834188853 3.8894741479782646 156000
1695834235512 3.8910216100709647 160000
1695834282409 3.8917359180598536 164000
