1695827563192 38.75084745762712 4000
1695827606681 39.89180327868853 8000
1695827652145 39.850793650793655 12000
1695827698643 39.46060606060606 16000
1695827745538 39.55384615384616 20000
1695827792019 39.29242424242425 24000
1695827839249 39.348484848484844 28000
1695827885942 38.846153846153854 32000
1695827933136 39.880303030303025 36000
1695827979291 39.0921875 40000
1695828025202 39.33846153846154 44000
1695828071951 39.183076923076925 48000
1695828118382 39.77384615384616 52000
1695828164265 39.09846153846154 56000
1695828210833 38.73384615384616 60000
1695828256965 38.77499999999999 64000
1695828305485 39.51617647058824 68000
1695828352092 38.807575757575755 72000
1695828397932 39.2890625 76000
1695828444968 39.761538461538464 80000
1695828491377 39.26615384615384 84000
1695828538049 38.89384615384615 88000
1695828584097 38.867692307692316 92000
1695828632018 38.8179104477612 96000
1695828678716 38.85076923076923 100000
1695828725513 38.46818181818181 104000
1695828771432 38.246875 108000
1695828818197 38.47230769230769 112000
1695828865350 38.878787878787875 116000
1695828911350 38.418461538461536 120000
1695828958006 38.72 124000
1695829004792 39.0476923076923 128000
1695829052176 39.39696969696969 132000
1695829099170 38.29242424242424 136000
1695829146299 39.64999999999999 140000
1695829193371 39.32575757575758 144000
1695829239904 38.652307692307694 148000
1695829287415 39.540909090909096 152000
1695829334787 39.35671641791045 156000
1695829382920 38.45970149253731 160000
1695829431149 38.77164179104477 164000
