1695827563193 28.81186440677967 4000
1695827606682 29.255737704918037 8000
1695827652145 29.201587301587303 12000
1695827698643 29.354545454545452 16000
1695827745539 29.466153846153844 20000
1695827792019 29.486363636363635 24000
1695827839249 29.542424242424243 28000
1695827885942 29.564615384615387 32000
1695827933136 29.44393939393939 36000
1695827979291 29.490625 40000
1695828025202 29.553846153846152 44000
1695828071951 29.647692307692306 48000
1695828118382 29.884615384615387 52000
1695828164265 29.953846153846154 56000
1695828210833 30.04 60000
1695828256965 30.071874999999995 64000
1695828305485 30.3485294117647 68000
1695828352092 30.668181818181818 72000
1695828397932 30.760937500000004 76000
1695828444968 30.881538461538465 80000
1695828491377 30.923076923076927 84000
1695828538049 31.04 88000
1695828584097 31.132307692307688 92000
1695828632019 31.32686567164179 96000
1695828678716 31.49846153846154 100000
1695828725513 31.49848484848485 104000
1695828771432 31.5640625 108000
1695828818197 31.609230769230766 112000
1695828865350 31.725757575757584 116000
1695828911350 31.86615384615385 120000
1695828958006 31.903076923076927 124000
1695829004792 32.04153846153846 128000
1695829052176 32.13939393939393 132000
1695829099170 32.24545454545455 136000
1695829146299 32.446969696969695 140000
1695829193371 32.55606060606061 144000
1695829239904 32.60769230769231 148000
1695829287415 32.63787878787878 152000
1695829334788 32.69701492537312 156000
1695829382920 32.76119402985075 160000
1695829431150 32.7537313432836 164000
