1695836266438 0.0 16000
1695836314029 0.0 20000
1695836360516 0.0 24000
1695836417781 0.0 28000
1695836468483 0.0 32000
1695836516251 0.0 36000
1695836562883 0.0 40000
1695836609735 0.0 44000
1695836657015 0.0 48000
1695836704569 0.0 52000
1695836751450 0.0 56000
1695836798648 0.0 60000
1695836846888 0.0 64000
1695836894541 0.0 68000
1695836941724 0.0 72000
1695836989000 0.0 76000
1695837035923 0.0 80000
1695837083256 0.0 84000
1695837129553 0.0 88000
1695837177098 0.0 92000
1695837225320 0.0 96000
1695837272863 0.0 100000
1695837319171 0.0 104000
1695837365910 0.0 108000
1695837413425 0.0 112000
1695837464290 0.0 116000
1695837514471 0.0 120000
1695837563303 0.0 124000
1695837610489 0.0 128000
1695837658214 0.0 132000
1695837705926 0.0 136000
1695837753421 0.0 140000
1695837803604 0.0 144000
1695837851978 0.0 148000
1695837899746 0.0 152000
1695837946934 0.0 156000
1695837993828 0.0 160000
1695838041381 0.0 164000
1695838089462 0.0 168000
1695838138548 0.0 172000
1695838190389 0.0 176000
