1695830818454 0.0 4000
1695830862983 0.0 8000
1695830907748 0.0 12000
1695830954305 0.0 16000
1695831002709 0.0 20000
1695831049823 0.0 24000
1695831097346 0.0 28000
1695831144828 0.0 32000
1695831191339 0.0 36000
1695831241018 0.0 40000
1695831287690 0.0 44000
1695831333954 0.0 48000
1695831380748 0.0 52000
1695831430616 0.0 56000
1695831477762 0.0 60000
1695831525934 0.0 64000
1695831573319 0.0 68000
1695831620556 0.0 72000
1695831667980 0.0 76000
1695831716076 0.0 80000
1695831763190 0.0 84000
1695831811306 0.0 88000
1695831859942 0.0 92000
1695831908392 0.0 96000
1695831956072 0.0 100000
1695832003369 0.0 104000
1695832050634 0.0 108000
1695832097854 0.0 112000
1695832145131 0.0 116000
1695832192862 0.0 120000
