1695830818454 0.20000000000000004 4000
1695830862995 0.20000000000000004 8000
1695830907748 0.20000000000000004 12000
1695830954307 0.20000000000000004 16000
1695831002709 0.20000000000000004 20000
1695831049823 0.20000000000000004 24000
1695831097348 0.20000000000000004 28000
1695831144828 0.20000000000000004 32000
1695831191339 0.20000000000000004 36000
1695831241034 0.20000000000000004 40000
1695831287690 0.20000000000000004 44000
1695831333954 0.20000000000000004 48000
1695831380748 0.20000000000000004 52000
1695831430616 0.20000000000000004 56000
1695831477762 0.20000000000000004 60000
1695831525937 0.20000000000000004 64000
1695831573320 0.20000000000000004 68000
1695831620565 0.20000000000000004 72000
1695831667980 0.20000000000000004 76000
1695831716076 0.20000000000000004 80000
1695831763190 0.20000000000000004 84000
1695831811306 0.20000000000000004 88000
1695831859943 0.20000000000000004 92000
1695831908392 0.20000000000000004 96000
1695831956072 0.20000000000000004 100000
1695832003369 0.20000000000000004 104000
1695832050634 0.20000000000000004 108000
1695832097854 0.20000000000000004 112000
1695832145133 0.20000000000000004 116000
1695832192864 0.20000000000000004 120000
