1695830818471 1.9359944419314463 4000
1695830862999 1.914337437103192 8000
1695830907748 1.8851551560064157 12000
1695830954314 1.8467269405722617 16000
1695831002709 1.8144399368514617 20000
1695831049839 1.798491690059503 24000
1695831097354 1.759608626489838 28000
1695831144843 1.7470127868155638 32000
1695831191339 1.7363381817936898 36000
1695831241034 1.7135127548128366 40000
1695831287690 1.6750535247226557 44000
1695831333954 1.6551865870753923 48000
1695831380748 1.6674742507437865 52000
1695831430616 1.6243864130228758 56000
1695831477778 1.582471570869287 60000
1695831525944 1.5443596941729387 64000
1695831573327 1.5521484890331825 68000
1695831620565 1.5668709997087718 72000
1695831667998 1.5482167694717646 76000
1695831716076 1.5209519371390343 80000
1695831763190 1.4809035861243804 84000
1695831811322 1.4965488728135825 88000
1695831859949 1.4732091640432676 92000
1695831908407 1.465574292714397 96000
1695831956072 1.4738938791056475 100000
1695832003385 1.4272313890357813 104000
1695832050634 1.3660850928475459 108000
1695832097854 1.3762171150495608 112000
1695832145139 1.3452775326867898 116000
1695832192871 1.3468215213467678 120000
