1695830818471 0.0010000000000000005 4000
1695830862999 0.0010000000000000005 8000
1695830907748 0.0010000000000000005 12000
1695830954315 0.0010000000000000005 16000
1695831002709 0.0010000000000000005 20000
1695831049839 0.0010000000000000005 24000
1695831097355 0.0010000000000000005 28000
1695831144843 0.0010000000000000005 32000
1695831191339 0.0010000000000000005 36000
1695831241034 0.0010000000000000005 40000
1695831287690 0.0010000000000000005 44000
1695831333954 0.0010000000000000005 48000
1695831380748 0.0010000000000000005 52000
1695831430616 0.0010000000000000005 56000
1695831477778 0.0010000000000000005 60000
1695831525944 0.0010000000000000005 64000
1695831573328 0.0010000000000000005 68000
1695831620565 0.0010000000000000005 72000
1695831668000 0.0010000000000000005 76000
1695831716076 0.0010000000000000005 80000
1695831763190 0.0010000000000000005 84000
1695831811322 0.0010000000000000005 88000
1695831859950 0.0010000000000000005 92000
1695831908407 0.0010000000000000005 96000
1695831956088 0.0010000000000000005 100000
1695832003385 0.0010000000000000005 104000
1695832050634 0.0010000000000000005 108000
1695832097854 0.0010000000000000005 112000
1695832145140 0.0010000000000000005 116000
1695832192872 0.0010000000000000005 120000
