1695830818454 0.6368857530566553 4000
1695830862995 0.869846056898435 8000
1695830907748 0.959628730515639 12000
1695830954306 0.9990250606400272 16000
1695831002709 1.1384890764020383 20000
1695831049823 1.1670847738782564 24000
1695831097347 1.196013552757601 28000
1695831144828 1.2083769532230992 32000
1695831191339 1.2391904310012858 36000
1695831241018 1.1974715559743345 40000
1695831287690 1.3268858678638935 44000
1695831333954 1.4076227889706692 48000
1695831380748 1.36643586360539 52000
1695831430616 1.3815837734068432 56000
1695831477762 1.4622904619202017 60000
1695831525935 1.4975645861277977 64000
1695831573319 1.2116428188669184 68000
1695831620556 1.5639777002856134 72000
1695831667980 1.494414354301989 76000
1695831716076 1.4920819067085782 80000
1695831763190 1.5707535718257228 84000
1695831811306 1.3848986939216654 88000
1695831859942 1.5414070958892505 92000
1695831908392 1.5351997293531894 96000
1695831956072 1.5824567067747315 100000
1695832003369 1.6039296390488744 104000
1695832050634 1.6589575399955114 108000
1695832097854 1.7210720097646117 112000
1695832145132 1.631592376343906 116000
1695832192863 1.7993598239496351 120000
