1695830818471 0.009989266072460827 4000
1695830862999 0.01505155060735639 8000
1695830907748 0.011578247696795075 12000
1695830954313 0.013315126258189973 16000
1695831002709 0.01233072934273189 20000
1695831049839 0.01381282539116742 24000
1695831097353 0.01368023347188844 28000
1695831144843 0.009664061236920036 32000
1695831191339 0.010755677561172476 36000
1695831241034 0.013839964454455483 40000
1695831287690 0.014853649612906064 44000
1695831333954 0.015875551592127297 48000
1695831380748 0.010437502507990835 52000
1695831430616 0.01350240018932832 56000
1695831477778 0.01430820914101552 60000
1695831525943 0.012102587760050488 64000
1695831573326 0.009679267738628147 68000
1695831620565 0.015754696939439098 72000
1695831667998 0.016599732012751566 76000
1695831716076 0.014038958000834557 80000
1695831763190 0.010941422157063166 84000
1695831811322 0.00989117211747895 88000
1695831859948 0.012522893722469473 92000
1695831908407 0.01089791034359323 96000
1695831956072 0.013904389163053565 100000
1695832003369 0.015472767992686818 104000
1695832050634 0.013735771825875442 108000
1695832097854 0.013953650297859796 112000
1695832145139 0.012177200587320431 116000
1695832192870 0.010096322775935581 120000
