1695830818454 -0.0135507400239779 4000
1695830862999 -0.021052119058246412 8000
1695830907748 -0.015404078543845874 12000
1695830954310 -0.022202708501329955 16000
1695831002709 -0.0163918895375294 20000
1695831049823 -0.019877916172360226 24000
1695831097351 -0.02046478840372098 28000
1695831144839 -0.01595482067447544 32000
1695831191339 -0.016725798005063554 36000
1695831241034 -0.021093763276197327 40000
1695831287690 -0.022241725604787158 44000
1695831333954 -0.022376202933082824 48000
1695831380748 -0.017406145301356445 52000
1695831430616 -0.022231429478172988 56000
1695831477778 -0.023686443056794813 60000
1695831525940 -0.022830499727327456 64000
1695831573323 -0.017190542597381862 68000
1695831620565 -0.01790934312545384 72000
1695831667995 -0.02492138763239685 76000
1695831716076 -0.02466264205383292 80000
1695831763190 -0.019224116881620526 84000
1695831811306 -0.01485269745826372 88000
1695831859945 -0.020171982635414074 92000
1695831908407 -0.020010201700157874 96000
1695831956072 -0.01913077833063047 100000
1695832003369 -0.024777798246456467 104000
1695832050634 -0.024333872379308254 108000
1695832097854 -0.020277419481620502 112000
1695832145136 -0.01883387070556637 116000
1695832192867 -0.02003047005394668 120000
