1695830818454 -0.004647979102386065 4000
1695830862995 -0.018015781481032413 8000
1695830907748 -0.01394344802465639 12000
1695830954309 -0.01877416380090532 16000
1695831002709 -0.014627363891850109 20000
1695831049823 -0.018478816472573576 24000
1695831097350 -0.01913969164440156 28000
1695831144839 -0.013743271422996865 32000
1695831191339 -0.015583177977695565 36000
1695831241034 -0.019721081353903477 40000
1695831287690 -0.020614159157291093 44000
1695831333954 -0.020665297941256235 48000
1695831380748 -0.016074816515416993 52000
1695831430616 -0.020835476214900457 56000
1695831477762 -0.022168938996825698 60000
1695831525939 -0.021858462903037435 64000
1695831573322 -0.015560202032550782 68000
1695831620565 -0.015723346385493643 72000
1695831667994 -0.0230256364675976 76000
1695831716076 -0.023128918522100625 80000
1695831763190 -0.0184506407071846 84000
1695831811306 -0.013945243509321395 88000
1695831859945 -0.018976874512676052 92000
1695831908407 -0.019001501342791015 96000
1695831956072 -0.017702964185809834 100000
1695832003369 -0.023073177964276208 104000
1695832050634 -0.022715206022379184 108000
1695832097854 -0.018644387840807516 112000
1695832145135 -0.017681436717127023 116000
1695832192866 -0.019187954575560676 120000
