1695830818471 -0.06935785965373119 4000
1695830862999 0.24781768371661503 8000
1695830907748 -0.17271162942051888 12000
1695830954312 0.32218106718113027 16000
1695831002709 0.5166136257350444 20000
1695831049839 0.44825805878887576 24000
1695831097352 0.4121951473255952 28000
1695831144839 0.5048462906852365 32000
1695831191339 0.3589150559157133 36000
1695831241034 0.4977954925348361 40000
1695831287690 0.4376034279043476 44000
1695831333954 0.7105892503013214 48000
1695831380748 0.5026183651139339 52000
1695831430616 0.2117809422935049 56000
1695831477778 0.5097100627298157 60000
1695831525942 0.4638446358963847 64000
1695831573325 0.46231313974907 68000
1695831620565 0.5726677478601535 72000
1695831667997 0.48101206781963507 76000
1695831716076 0.3925364604840676 80000
1695831763190 0.7184523558244109 84000
1695831811322 0.5765911359339952 88000
1695831859947 0.5201369014258186 92000
1695831908407 0.681594095317026 96000
1695831956072 0.6802179716527462 100000
1695832003369 0.8753374921778838 104000
1695832050634 0.654878923855722 108000
1695832097854 0.8031951653460662 112000
1695832145138 0.9017972784116864 116000
1695832192869 0.8245817187552651 120000
