1695830818470 0.017681804560561433 4000
1695830862999 0.0038807293260712567 8000
1695830907748 0.0020602722025917803 12000
1695830954311 0.005224493580923687 16000
1695831002709 0.002225638926211104 20000
1695831049823 0.0008700519907203368 24000
1695831097351 0.0006973183087969422 28000
1695831144839 0.004051499927663826 32000
1695831191339 0.0014556468463827817 36000
1695831241034 0.0006364042062614317 40000
1695831287690 0.0006637797061406066 44000
1695831333954 0.0003819632947624996 48000
1695831380748 0.0018226043208718087 52000
1695831430616 0.0006397193351555567 56000
1695831477778 0.00047666740571609506 60000
1695831525941 0.00019175973562823856 64000
1695831573324 0.0024932707156949617 68000
1695831620565 0.0012038560269199176 72000
1695831667996 0.00024804332853515615 76000
1695831716076 0.0004937682708259672 80000
1695831763190 0.00013219153075851863 84000
1695831811306 0.0008515366667324997 88000
1695831859946 0.00032747543596845695 92000
1695831908407 0.0005893865046649201 96000
1695831956072 0.000241660312580431 100000
1695832003369 7.459564308760491e-05 104000
1695832050634 0.0004751946112719452 108000
1695832097854 0.0004370370208789609 112000
1695832145137 0.00012454355728550582 116000
1695832192868 0.0003401449265500863 120000
