1695836125872 4000.0 4000
1695836171425 8000.0 8000
1695836218856 12000.0 12000
1695836266453 16000.0 16000
1695836314045 20000.0 20000
1695836360516 24000.0 24000
1695836417796 28000.0 28000
1695836468488 32000.0 32000
1695836516251 36000.0 36000
1695836562883 40000.0 40000
1695836609735 44000.0 44000
1695836657015 48000.0 48000
1695836704575 52000.0 52000
1695836751450 56000.0 56000
1695836798653 60000.0 60000
1695836846894 64000.0 64000
1695836894546 68000.0 68000
1695836941724 72000.0 72000
1695836989000 76000.0 76000
1695837035923 80000.0 80000
1695837083256 84000.0 84000
1695837129553 88000.0 88000
1695837177098 92000.0 92000
1695837225325 96000.0 96000
1695837272880 100000.0 100000
1695837319171 104000.0 104000
1695837365926 108000.0 108000
1695837413442 112000.0 112000
1695837464305 116000.0 116000
1695837514486 120000.0 120000
1695837563314 124000.0 124000
1695837610505 128000.0 128000
1695837658214 132000.0 132000
1695837705926 136000.0 136000
1695837753421 140000.0 140000
1695837803604 144000.0 144000
1695837851994 148000.0 148000
1695837899762 152000.0 152000
1695837946934 156000.0 156000
1695837993844 160000.0 160000
1695838041381 164000.0 164000
1695838089477 168000.0 168000
1695838138548 172000.0 172000
1695838190394 176000.0 176000
