1695830907684 3.6343648769178554 12000
1695830954246 3.760142089118089 16000
1695831002650 3.768155322579433 20000
1695831049775 3.767488133625476 24000
1695831097291 3.8049492775313096 28000
1695831144779 3.8116999478711526 32000
1695831191284 3.8148648450766536 36000
1695831240969 3.8302278365499682 40000
1695831287628 3.8342578094242654 44000
1695831333902 3.840247141074737 48000
1695831380700 3.8464066620117823 52000
1695831430555 3.850437805813971 56000
1695831477715 3.8552637060706316 60000
1695831525880 3.862574553899557 64000
1695831573262 3.8653114466130303 68000
1695831620502 3.8680387576763775 72000
1695831667923 3.8685139318261537 76000
1695831716028 3.874445682119066 80000
1695831763126 3.8755411719749637 84000
1695831811257 3.8794349035253024 88000
1695831859886 3.8823417899275805 92000
1695831908336 3.8862288610242186 96000
1695831956008 3.8894253204596794 100000
1695832003322 3.8896108357233294 104000
1695832050571 3.892711757931279 108000
1695832097798 3.895871743399697 112000
1695832145067 3.8954620894784107 116000
1695832192809 3.898440447276513 120000
