1695830907700 0.2735578249535096 12000
1695830954246 0.21180998901680947 16000
1695831002650 0.21251096303411177 20000
1695831049775 0.21580113077062102 24000
1695831097294 0.2138081921221266 28000
1695831144779 0.2156664443041739 32000
1695831191284 0.21447946846680746 36000
1695831240969 0.21501546074335065 40000
1695831287628 0.21569555567261808 44000
1695831333902 0.2138118447141413 48000
1695831380700 0.21349247027728052 52000
1695831430555 0.21388444173695606 56000
1695831477715 0.21290728051658855 60000
1695831525882 0.21269542753955706 64000
1695831573264 0.21329371924049148 68000
1695831620502 0.21382009868331178 72000
1695831667923 0.21346303537886063 76000
1695831716028 0.213380288319108 80000
1695831763126 0.2134620456460077 84000
1695831811257 0.21366883624603833 88000
1695831859886 0.21349830052087848 92000
1695831908336 0.21438065632223596 96000
1695831956025 0.21404716309480828 100000
1695832003322 0.2140192720601797 104000
1695832050571 0.21473893504067762 108000
1695832097800 0.21446452568707383 112000
1695832145067 0.2146800427859014 116000
1695832192811 0.21510842517442832 120000
