1695830907700 0.0 12000
1695830954246 0.0 16000
1695831002650 0.0 20000
1695831049775 0.0 24000
1695831097295 0.0 28000
1695831144779 0.0 32000
1695831191284 0.0 36000
1695831240969 0.0 40000
1695831287628 0.0 44000
1695831333902 0.0 48000
1695831380700 0.0 52000
1695831430555 0.0 56000
1695831477715 0.0 60000
1695831525883 0.0 64000
1695831573265 0.0 68000
1695831620502 0.0 72000
1695831667939 0.0 76000
1695831716028 0.0 80000
1695831763126 0.0 84000
1695831811257 0.0 88000
1695831859886 0.0 92000
1695831908336 0.0 96000
1695831956025 0.0 100000
1695832003322 0.0 104000
1695832050571 0.0 108000
1695832097800 0.0 112000
1695832145067 0.0 116000
1695832192812 0.0 120000
