1695839581488 0.85 4000
1695839614123 0.85 8000
1695839646292 0.85 12000
1695839678203 0.85 16000
1695839711653 0.85 20000
1695839744945 0.85 24000
1695839779456 0.85 28000
1695839814087 0.85 32000
1695839850768 0.85 36000
1695839886619 0.85 40000
1695839924128 0.85 44000
1695839959831 0.85 48000
1695839995979 0.85 52000
1695840031191 0.85 56000
1695840065262 0.85 60000
1695840100498 0.85 64000
1695840134610 0.85 68000
1695840169165 0.85 72000
1695840204744 0.85 76000
1695840240164 0.85 80000
1695840277008 0.85 84000
1695840313058 0.85 88000
1695840348419 0.85 92000
1695840382591 0.85 96000
1695840416560 0.85 100000
1695840451529 0.85 104000
1695840486229 0.85 108000
1695840521263 0.85 112000
1695840555417 0.85 116000
1695840589354 0.85 120000
