1695839678091 0.4805100000000061 16000
1695839711572 0.4805100000000061 20000
1695839744850 0.5451494364846065 24000
1695839779345 0.46988892736505594 28000
1695839813992 0.46988892736505594 32000
1695839850672 0.45962629760459633 36000
1695839886511 0.36069428491003724 40000
1695839924033 0.34744608217100376 44000
1695839959747 0.33178907492062104 48000
1695839995882 0.27397210826907414 52000
1695840031094 0.25745064880229807 56000
1695840065178 0.2434218839851301 60000
1695840100398 0.2492285311754927 64000
1695840134514 0.2671847664054748 68000
1695840169069 0.26457176124657095 72000
1695840204645 0.2509869086297049 76000
1695840240066 0.23973088789001587 80000
1695840276898 0.22193462367974473 84000
1695840312959 0.2065843310417862 88000
1695840348328 0.19990990979656445 92000
1695840382492 0.19335658228280764 96000
1695840416459 0.18534614176402567 100000
1695840451434 0.16941514176402528 104000
1695840486134 0.17627104543587316 108000
1695840521168 0.1721282024354407 112000
1695840555304 0.17219770243544072 116000
1695840589260 0.1693077024354407 120000
