1695839678091 0.4664693237815233 16000
1695839711572 0.4664693237815233 20000
1695839744850 0.5977327271359508 24000
1695839779345 0.7738724798147265 28000
1695839813992 0.7738724798147265 32000
1695839850672 0.7724650384679332 36000
1695839886510 0.8911470240884944 40000
1695839924032 0.9459064702469301 44000
1695839959731 0.9894132221555061 48000
1695839995882 1.0982735002447588 52000
1695840031093 1.1600878377849473 56000
1695840065168 1.2202840601273666 60000
1695840100396 1.21655723415221 64000
1695840134514 1.2215910526887874 68000
1695840169069 1.2557540558268672 72000
1695840204645 1.3166984635141827 76000
1695840240065 1.3563874425569802 80000
1695840276898 1.4114852195593774 84000
1695840312959 1.4586021892235272 88000
1695840348327 1.5067014707111814 92000
1695840382492 1.5688961063543405 96000
1695840416459 1.6375865625719683 100000
1695840451434 1.7306214534564628 104000
1695840486134 1.7674507869627771 108000
1695840521168 1.8078658775687932 112000
1695840555304 1.8398092735751168 116000
1695840589260 1.8706472432741608 120000
