1695832399386 2.0 4000
1695832445117 2.0 8000
1695832489760 2.0 12000
1695832537053 2.0 16000
1695832584036 2.0 20000
1695832631133 2.0 24000
1695832679639 2.0 28000
1695832726697 2.0 32000
1695832772926 2.0 36000
1695832820201 2.0 40000
1695832867972 2.0 44000
1695832915309 2.0 48000
1695832962371 2.0 52000
1695833010673 2.0 56000
1695833058570 2.0 60000
1695833105522 2.0 64000
1695833151778 2.0 68000
1695833198180 2.0 72000
1695833244661 2.0 76000
1695833290785 2.0 80000
1695833337011 2.0 84000
1695833383556 2.0 88000
1695833431442 2.0 92000
1695833480222 2.0 96000
1695833527720 2.0 100000
1695833575438 2.0 104000
1695833622174 2.0 108000
1695833668782 2.0 112000
1695833716677 2.0 116000
1695833763313 2.0 120000
1695833810170 2.0 124000
1695833857865 2.0 128000
1695833906606 2.0 132000
1695833954231 2.0 136000
1695834000760 2.0 140000
1695834047928 2.0 144000
1695834094530 2.0 148000
1695834142010 2.0 152000
1695834188859 2.0 156000
1695834235518 2.0 160000
1695834282415 2.0 164000
