1695832399388 0.0 4000
1695832445119 0.0 8000
1695832489760 0.0 12000
1695832537053 0.0 16000
1695832584036 0.0 20000
1695832631133 0.0 24000
1695832679639 0.0 28000
1695832726697 0.0 32000
1695832772926 0.0 36000
1695832820201 0.0 40000
1695832867972 0.0 44000
1695832915309 0.0 48000
1695832962371 0.0 52000
1695833010675 0.0 56000
1695833058570 0.0 60000
1695833105522 0.0 64000
1695833151794 0.0 68000
1695833198180 0.0 72000
1695833244661 0.0 76000
1695833290785 0.0 80000
1695833337011 0.0 84000
1695833383556 0.0 88000
1695833431442 0.0 92000
1695833480222 0.0 96000
1695833527720 0.0 100000
1695833575440 0.0 104000
1695833622176 0.0 108000
1695833668784 0.0 112000
1695833716678 0.0 116000
1695833763315 0.0 120000
1695833810172 0.0 124000
1695833857867 0.0 128000
1695833906608 0.0 132000
1695833954233 0.0 136000
1695834000762 0.0 140000
1695834047930 0.0 144000
1695834094531 0.0 148000
1695834142011 0.0 152000
1695834188861 0.0 156000
1695834235520 0.0 160000
1695834282417 0.0 164000
