1695832399399 0.0 4000
1695832445129 0.0 8000
1695832489775 0.0 12000
1695832537053 0.0 16000
1695832584053 0.0 20000
1695832631148 0.0 24000
1695832679655 0.0 28000
1695832726697 0.0 32000
1695832772942 0.0 36000
1695832820218 0.0 40000
1695832867988 0.0 44000
1695832915309 0.0 48000
1695832962386 0.0 52000
1695833010683 0.0 56000
1695833058586 0.0 60000
1695833105522 0.0 64000
1695833151801 0.0 68000
1695833198196 0.0 72000
1695833244678 0.0 76000
1695833290785 0.0 80000
1695833337011 0.0 84000
1695833383571 0.0 88000
1695833431460 0.0 92000
1695833480242 0.0 96000
1695833527735 0.0 100000
1695833575449 0.0 104000
1695833622185 0.0 108000
1695833668792 0.0 112000
1695833716687 0.0 116000
1695833763324 0.0 120000
1695833810180 0.0 124000
1695833857877 0.0 128000
1695833906616 0.0 132000
1695833954241 0.0 136000
1695834000770 0.0 140000
1695834047939 0.0 144000
1695834094540 0.0 148000
1695834142019 0.0 152000
1695834188869 0.0 156000
1695834235527 0.0 160000
1695834282425 0.0 164000
