1695832399400 0.0 4000
1695832445130 0.0 8000
1695832489775 0.0 12000
1695832537053 0.0 16000
1695832584053 0.0 20000
1695832631148 0.0 24000
1695832679655 0.0 28000
1695832726708 0.0 32000
1695832772942 0.0 36000
1695832820218 0.0 40000
1695832867988 0.0 44000
1695832915325 0.0 48000
1695832962386 0.0 52000
1695833010684 0.0 56000
1695833058586 0.0 60000
1695833105522 0.0 64000
1695833151801 0.0 68000
1695833198196 0.0 72000
1695833244678 0.0 76000
1695833290785 0.0 80000
1695833337011 0.0 84000
1695833383571 0.0 88000
1695833431461 0.0 92000
1695833480242 0.0 96000
1695833527735 0.0 100000
1695833575450 0.0 104000
1695833622186 0.0 108000
1695833668793 0.0 112000
1695833716688 0.0 116000
1695833763325 0.0 120000
1695833810181 0.0 124000
1695833857878 0.0 128000
1695833906617 0.0 132000
1695833954242 0.0 136000
1695834000771 0.0 140000
1695834047940 0.0 144000
1695834094541 0.0 148000
1695834142020 0.0 152000
1695834188870 0.0 156000
1695834235528 0.0 160000
1695834282426 0.0 164000
