1695832399429 -1.0 4000
1695832445149 -1.0 8000
1695832489791 -1.0 12000
1695832537084 -1.0 16000
1695832584084 -1.0 20000
1695832631179 -1.0 24000
1695832679687 -1.0 28000
1695832726726 -1.0 32000
1695832772957 -1.0 36000
1695832820247 -1.0 40000
1695832868013 -1.0 44000
1695832915340 -1.0 48000
1695832962404 -1.0 52000
1695833010709 -1.0 56000
1695833058621 -1.0 60000
1695833105559 -1.0 64000
1695833151825 -1.0 68000
1695833198229 -1.0 72000
1695833244693 -1.0 76000
1695833290817 -1.0 80000
1695833337042 -1.0 84000
1695833383607 -1.0 88000
1695833431490 -1.0 92000
1695833480272 -1.0 96000
1695833527767 -1.0 100000
1695833575477 -1.0 104000
1695833622211 -1.0 108000
1695833668818 -1.0 112000
1695833716713 -1.0 116000
1695833763355 -1.0 120000
1695833810205 -1.0 124000
1695833857904 -1.0 128000
1695833906642 -1.0 132000
1695833954268 -1.0 136000
1695834000795 -1.0 140000
1695834047964 -1.0 144000
1695834094566 -1.0 148000
1695834142044 -1.0 152000
1695834188894 -1.0 156000
1695834235552 -1.0 160000
1695834282450 -1.0 164000
