1695832399427 0.0 4000
1695832445149 0.0 8000
1695832489791 0.0 12000
1695832537084 0.0 16000
1695832584069 0.0 20000
1695832631179 0.0 24000
1695832679671 0.0 28000
1695832726726 0.0 32000
1695832772957 0.0 36000
1695832820245 0.0 40000
1695832868013 0.0 44000
1695832915340 0.0 48000
1695832962404 0.0 52000
1695833010707 0.0 56000
1695833058621 0.0 60000
1695833105559 0.0 64000
1695833151825 0.0 68000
1695833198213 0.0 72000
1695833244693 0.0 76000
1695833290817 0.0 80000
1695833337042 0.0 84000
1695833383607 0.0 88000
1695833431475 0.0 92000
1695833480272 0.0 96000
1695833527767 0.0 100000
1695833575475 0.0 104000
1695833622209 0.0 108000
1695833668816 0.0 112000
1695833716712 0.0 116000
1695833763353 0.0 120000
1695833810203 0.0 124000
1695833857902 0.0 128000
1695833906640 0.0 132000
1695833954267 0.0 136000
1695834000793 0.0 140000
1695834047963 0.0 144000
1695834094564 0.0 148000
1695834142043 0.0 152000
1695834188892 0.0 156000
1695834235550 0.0 160000
1695834282449 0.0 164000
