1695832399420 2.0 4000
1695832445146 2.0 8000
1695832489791 2.0 12000
1695832537084 2.0 16000
1695832584069 2.0 20000
1695832631164 2.0 24000
1695832679671 2.0 28000
1695832726726 2.0 32000
1695832772957 2.0 36000
1695832820239 2.0 40000
1695832868003 2.0 44000
1695832915340 2.0 48000
1695832962404 2.0 52000
1695833010701 2.0 56000
1695833058618 2.0 60000
1695833105553 2.0 64000
1695833151810 2.0 68000
1695833198213 2.0 72000
1695833244693 2.0 76000
1695833290801 2.0 80000
1695833337042 2.0 84000
1695833383604 2.0 88000
1695833431475 2.0 92000
1695833480256 2.0 96000
1695833527755 2.0 100000
1695833575468 2.0 104000
1695833622203 2.0 108000
1695833668809 2.0 112000
1695833716704 2.0 116000
1695833763346 2.0 120000
1695833810197 2.0 124000
1695833857894 2.0 128000
1695833906634 2.0 132000
1695833954260 2.0 136000
1695834000787 2.0 140000
1695834047956 2.0 144000
1695834094558 2.0 148000
1695834142036 2.0 152000
1695834188886 2.0 156000
1695834235544 2.0 160000
1695834282442 2.0 164000
