1695832399422 0.0 4000
1695832445148 0.0 8000
1695832489791 0.0 12000
1695832537084 0.0 16000
1695832584069 0.0 20000
1695832631164 0.0 24000
1695832679671 0.0 28000
1695832726726 0.0 32000
1695832772957 0.0 36000
1695832820240 0.0 40000
1695832868003 0.0 44000
1695832915340 0.0 48000
1695832962404 0.0 52000
1695833010702 0.0 56000
1695833058621 0.0 60000
1695833105553 0.0 64000
1695833151810 0.0 68000
1695833198213 0.0 72000
1695833244693 0.0 76000
1695833290817 0.0 80000
1695833337042 0.0 84000
1695833383604 0.0 88000
1695833431475 0.0 92000
1695833480256 0.0 96000
1695833527755 0.0 100000
1695833575470 0.0 104000
1695833622205 0.0 108000
1695833668811 0.0 112000
1695833716706 0.0 116000
1695833763348 0.0 120000
1695833810198 0.0 124000
1695833857896 0.0 128000
1695833906635 0.0 132000
1695833954262 0.0 136000
1695834000788 0.0 140000
1695834047958 0.0 144000
1695834094559 0.0 148000
1695834142038 0.0 152000
1695834188888 0.0 156000
1695834235546 0.0 160000
1695834282444 0.0 164000
