1695832399419 32.0 4000
1695832445145 32.0 8000
1695832489791 32.0 12000
1695832537084 32.0 16000
1695832584069 32.0 20000
1695832631164 32.0 24000
1695832679671 32.0 28000
1695832726724 32.0 32000
1695832772957 32.0 36000
1695832820238 32.0 40000
1695832868003 32.0 44000
1695832915340 32.0 48000
1695832962404 32.0 52000
1695833010700 32.0 56000
1695833058618 32.0 60000
1695833105553 32.0 64000
1695833151810 32.0 68000
1695833198213 32.0 72000
1695833244693 32.0 76000
1695833290801 32.0 80000
1695833337042 32.0 84000
1695833383588 32.0 88000
1695833431475 32.0 92000
1695833480256 32.0 96000
1695833527755 32.0 100000
1695833575467 32.0 104000
1695833622202 32.0 108000
1695833668808 32.0 112000
1695833716703 32.0 116000
1695833763346 32.0 120000
1695833810196 32.0 124000
1695833857894 32.0 128000
1695833906633 32.0 132000
1695833954259 32.0 136000
1695834000786 32.0 140000
1695834047955 32.0 144000
1695834094557 32.0 148000
1695834142036 32.0 152000
1695834188885 32.0 156000
1695834235543 32.0 160000
1695834282441 32.0 164000
