1695832399414 64.0 4000
1695832445141 64.0 8000
1695832489775 64.0 12000
1695832537068 64.0 16000
1695832584069 64.0 20000
1695832631164 64.0 24000
1695832679671 64.0 28000
1695832726708 64.0 32000
1695832772942 64.0 36000
1695832820233 64.0 40000
1695832867988 64.0 44000
1695832915325 64.0 48000
1695832962402 64.0 52000
1695833010695 64.0 56000
1695833058603 64.0 60000
1695833105537 64.0 64000
1695833151810 64.0 68000
1695833198196 64.0 72000
1695833244678 64.0 76000
1695833290801 64.0 80000
1695833337027 64.0 84000
1695833383588 64.0 88000
1695833431474 64.0 92000
1695833480256 64.0 96000
1695833527751 64.0 100000
1695833575462 64.0 104000
1695833622198 64.0 108000
1695833668804 64.0 112000
1695833716699 64.0 116000
1695833763341 64.0 120000
1695833810191 64.0 124000
1695833857889 64.0 128000
1695833906628 64.0 132000
1695833954254 64.0 136000
1695834000781 64.0 140000
1695834047951 64.0 144000
1695834094552 64.0 148000
1695834142031 64.0 152000
1695834188880 64.0 156000
1695834235539 64.0 160000
1695834282437 64.0 164000
