1695832399415 1.0 4000
1695832445142 1.0 8000
1695832489775 1.0 12000
1695832537068 1.0 16000
1695832584069 1.0 20000
1695832631164 1.0 24000
1695832679671 1.0 28000
1695832726708 1.0 32000
1695832772942 1.0 36000
1695832820234 1.0 40000
1695832867988 1.0 44000
1695832915325 1.0 48000
1695832962403 1.0 52000
1695833010696 1.0 56000
1695833058603 1.0 60000
1695833105537 1.0 64000
1695833151810 1.0 68000
1695833198213 1.0 72000
1695833244678 1.0 76000
1695833290801 1.0 80000
1695833337027 1.0 84000
1695833383588 1.0 88000
1695833431475 1.0 92000
1695833480256 1.0 96000
1695833527755 1.0 100000
1695833575463 1.0 104000
1695833622198 1.0 108000
1695833668805 1.0 112000
1695833716700 1.0 116000
1695833763342 1.0 120000
1695833810192 1.0 124000
1695833857890 1.0 128000
1695833906629 1.0 132000
1695833954255 1.0 136000
1695834000782 1.0 140000
1695834047952 1.0 144000
1695834094553 1.0 148000
1695834142032 1.0 152000
1695834188881 1.0 156000
1695834235540 1.0 160000
1695834282438 1.0 164000
