1695832399418 50.0 4000
1695832445145 50.0 8000
1695832489791 50.0 12000
1695832537068 50.0 16000
1695832584069 50.0 20000
1695832631164 50.0 24000
1695832679671 50.0 28000
1695832726724 50.0 32000
1695832772957 50.0 36000
1695832820237 50.0 40000
1695832868003 50.0 44000
1695832915325 50.0 48000
1695832962404 50.0 52000
1695833010699 50.0 56000
1695833058603 50.0 60000
1695833105537 50.0 64000
1695833151810 50.0 68000
1695833198213 50.0 72000
1695833244693 50.0 76000
1695833290801 50.0 80000
1695833337027 50.0 84000
1695833383588 50.0 88000
1695833431475 50.0 92000
1695833480256 50.0 96000
1695833527755 50.0 100000
1695833575466 50.0 104000
1695833622201 50.0 108000
1695833668808 50.0 112000
1695833716702 50.0 116000
1695833763345 50.0 120000
1695833810195 50.0 124000
1695833857893 50.0 128000
1695833906632 50.0 132000
1695833954258 50.0 136000
1695834000785 50.0 140000
1695834047955 50.0 144000
1695834094556 50.0 148000
1695834142035 50.0 152000
1695834188884 50.0 156000
1695834235542 50.0 160000
1695834282440 50.0 164000
