1695832399424 84.0 4000
1695832445149 84.0 8000
1695832489791 84.0 12000
1695832537084 84.0 16000
1695832584069 84.0 20000
1695832631164 84.0 24000
1695832679671 84.0 28000
1695832726726 84.0 32000
1695832772957 84.0 36000
1695832820242 84.0 40000
1695832868003 84.0 44000
1695832915340 84.0 48000
1695832962404 84.0 52000
1695833010704 84.0 56000
1695833058621 84.0 60000
1695833105553 84.0 64000
1695833151825 84.0 68000
1695833198213 84.0 72000
1695833244693 84.0 76000
1695833290817 84.0 80000
1695833337042 84.0 84000
1695833383607 84.0 88000
1695833431475 84.0 92000
1695833480256 84.0 96000
1695833527755 84.0 100000
1695833575472 84.0 104000
1695833622207 84.0 108000
1695833668813 84.0 112000
1695833716708 84.0 116000
1695833763350 84.0 120000
1695833810200 84.0 124000
1695833857898 84.0 128000
1695833906637 84.0 132000
1695833954264 84.0 136000
1695834000790 84.0 140000
1695834047960 84.0 144000
1695834094561 84.0 148000
1695834142040 84.0 152000
1695834188890 84.0 156000
1695834235547 84.0 160000
1695834282446 84.0 164000
