1695832399400 0.0 4000
1695832445131 0.0 8000
1695832489775 0.0 12000
1695832537053 0.0 16000
1695832584053 0.0 20000
1695832631148 0.0 24000
1695832679655 0.0 28000
1695832726708 0.0 32000
1695832772942 0.0 36000
1695832820218 0.0 40000
1695832867988 0.0 44000
1695832915325 0.0 48000
1695832962386 0.0 52000
1695833010685 0.0 56000
1695833058586 0.0 60000
1695833105537 0.0 64000
1695833151801 0.0 68000
1695833198196 0.0 72000
1695833244678 0.0 76000
1695833290785 0.0 80000
1695833337027 0.0 84000
1695833383571 0.0 88000
1695833431462 0.0 92000
1695833480242 0.0 96000
1695833527735 0.0 100000
1695833575451 0.0 104000
1695833622187 0.0 108000
1695833668794 0.0 112000
1695833716689 0.0 116000
1695833763325 0.0 120000
1695833810181 0.0 124000
1695833857878 0.0 128000
1695833906618 0.0 132000
1695833954243 0.0 136000
1695834000772 0.0 140000
1695834047941 0.0 144000
1695834094542 0.0 148000
1695834142021 0.0 152000
1695834188871 0.0 156000
1695834235529 0.0 160000
1695834282427 0.0 164000
