1695832399425 0.0 4000
1695832445149 0.0 8000
1695832489791 0.0 12000
1695832537084 0.0 16000
1695832584069 0.0 20000
1695832631164 0.0 24000
1695832679671 0.0 28000
1695832726726 0.0 32000
1695832772957 0.0 36000
1695832820243 0.0 40000
1695832868003 0.0 44000
1695832915340 0.0 48000
1695832962404 0.0 52000
1695833010705 0.0 56000
1695833058621 0.0 60000
1695833105559 0.0 64000
1695833151825 0.0 68000
1695833198213 0.0 72000
1695833244693 0.0 76000
1695833290817 0.0 80000
1695833337042 0.0 84000
1695833383607 0.0 88000
1695833431475 0.0 92000
1695833480256 0.0 96000
1695833527755 0.0 100000
1695833575473 0.0 104000
1695833622208 0.0 108000
1695833668814 0.0 112000
1695833716710 0.0 116000
1695833763351 0.0 120000
1695833810202 0.0 124000
1695833857899 0.0 128000
1695833906638 0.0 132000
1695833954265 0.0 136000
1695834000791 0.0 140000
1695834047961 0.0 144000
1695834094562 0.0 148000
1695834142041 0.0 152000
1695834188891 0.0 156000
1695834235548 0.0 160000
1695834282447 0.0 164000
