1695832399407 256.0 4000
1695832445135 256.0 8000
1695832489775 256.0 12000
1695832537068 256.0 16000
1695832584053 256.0 20000
1695832631148 256.0 24000
1695832679655 256.0 28000
1695832726708 256.0 32000
1695832772942 256.0 36000
1695832820218 256.0 40000
1695832867988 256.0 44000
1695832915325 256.0 48000
1695832962386 256.0 52000
1695833010689 256.0 56000
1695833058586 256.0 60000
1695833105537 256.0 64000
1695833151810 256.0 68000
1695833198196 256.0 72000
1695833244678 256.0 76000
1695833290801 256.0 80000
1695833337027 256.0 84000
1695833383571 256.0 88000
1695833431467 256.0 92000
1695833480242 256.0 96000
1695833527735 256.0 100000
1695833575454 256.0 104000
1695833622192 256.0 108000
1695833668799 256.0 112000
1695833716693 256.0 116000
1695833763335 256.0 120000
1695833810186 256.0 124000
1695833857883 256.0 128000
1695833906623 256.0 132000
1695833954248 256.0 136000
1695834000776 256.0 140000
1695834047945 256.0 144000
1695834094546 256.0 148000
1695834142025 256.0 152000
1695834188875 256.0 156000
1695834235533 256.0 160000
1695834282431 256.0 164000
