1695832399409 0.0 4000
1695832445137 0.0 8000
1695832489775 0.0 12000
1695832537068 0.0 16000
1695832584053 0.0 20000
1695832631164 0.0 24000
1695832679655 0.0 28000
1695832726708 0.0 32000
1695832772942 0.0 36000
1695832820218 0.0 40000
1695832867988 0.0 44000
1695832915325 0.0 48000
1695832962386 0.0 52000
1695833010691 0.0 56000
1695833058586 0.0 60000
1695833105537 0.0 64000
1695833151810 0.0 68000
1695833198196 0.0 72000
1695833244678 0.0 76000
1695833290801 0.0 80000
1695833337027 0.0 84000
1695833383571 0.0 88000
1695833431470 0.0 92000
1695833480255 0.0 96000
1695833527751 0.0 100000
1695833575458 0.0 104000
1695833622194 0.0 108000
1695833668800 0.0 112000
1695833716695 0.0 116000
1695833763337 0.0 120000
1695833810188 0.0 124000
1695833857885 0.0 128000
1695833906625 0.0 132000
1695833954250 0.0 136000
1695834000778 0.0 140000
1695834047947 0.0 144000
1695834094548 0.0 148000
1695834142028 0.0 152000
1695834188877 0.0 156000
1695834235535 0.0 160000
1695834282433 0.0 164000
