1695832399406 20.0 4000
1695832445134 20.0 8000
1695832489775 20.0 12000
1695832537068 20.0 16000
1695832584053 20.0 20000
1695832631148 20.0 24000
1695832679655 20.0 28000
1695832726708 20.0 32000
1695832772942 20.0 36000
1695832820218 20.0 40000
1695832867988 20.0 44000
1695832915325 20.0 48000
1695832962386 20.0 52000
1695833010689 20.0 56000
1695833058586 20.0 60000
1695833105537 20.0 64000
1695833151810 20.0 68000
1695833198196 20.0 72000
1695833244678 20.0 76000
1695833290801 20.0 80000
1695833337027 20.0 84000
1695833383571 20.0 88000
1695833431466 20.0 92000
1695833480242 20.0 96000
1695833527735 20.0 100000
1695833575454 20.0 104000
1695833622191 20.0 108000
1695833668798 20.0 112000
1695833716692 20.0 116000
1695833763334 20.0 120000
1695833810185 20.0 124000
1695833857882 20.0 128000
1695833906622 20.0 132000
1695833954247 20.0 136000
1695834000775 20.0 140000
1695834047944 20.0 144000
1695834094545 20.0 148000
1695834142025 20.0 152000
1695834188874 20.0 156000
1695834235533 20.0 160000
1695834282430 20.0 164000
