1695832399411 0.0 4000
1695832445139 0.0 8000
1695832489775 0.0 12000
1695832537068 0.0 16000
1695832584069 0.0 20000
1695832631164 0.0 24000
1695832679671 0.0 28000
1695832726708 0.0 32000
1695832772942 0.0 36000
1695832820218 0.0 40000
1695832867988 0.0 44000
1695832915325 0.0 48000
1695832962399 0.0 52000
1695833010693 0.0 56000
1695833058603 0.0 60000
1695833105537 0.0 64000
1695833151810 0.0 68000
1695833198196 0.0 72000
1695833244678 0.0 76000
1695833290801 0.0 80000
1695833337027 0.0 84000
1695833383588 0.0 88000
1695833431472 0.0 92000
1695833480256 0.0 96000
1695833527751 0.0 100000
1695833575460 0.0 104000
1695833622196 0.0 108000
1695833668802 0.0 112000
1695833716697 0.0 116000
1695833763339 0.0 120000
1695833810189 0.0 124000
1695833857887 0.0 128000
1695833906626 0.0 132000
1695833954253 0.0 136000
1695834000780 0.0 140000
1695834047949 0.0 144000
1695834094550 0.0 148000
1695834142029 0.0 152000
1695834188879 0.0 156000
1695834235537 0.0 160000
1695834282435 0.0 164000
