1695832399426 1.0 4000
1695832445149 1.0 8000
1695832489791 1.0 12000
1695832537084 1.0 16000
1695832584069 1.0 20000
1695832631179 1.0 24000
1695832679671 1.0 28000
1695832726726 1.0 32000
1695832772957 1.0 36000
1695832820244 1.0 40000
1695832868003 1.0 44000
1695832915340 1.0 48000
1695832962404 1.0 52000
1695833010706 1.0 56000
1695833058621 1.0 60000
1695833105559 1.0 64000
1695833151825 1.0 68000
1695833198213 1.0 72000
1695833244693 1.0 76000
1695833290817 1.0 80000
1695833337042 1.0 84000
1695833383607 1.0 88000
1695833431475 1.0 92000
1695833480272 1.0 96000
1695833527755 1.0 100000
1695833575474 1.0 104000
1695833622209 1.0 108000
1695833668815 1.0 112000
1695833716711 1.0 116000
1695833763352 1.0 120000
1695833810203 1.0 124000
1695833857900 1.0 128000
1695833906639 1.0 132000
1695833954266 1.0 136000
1695834000792 1.0 140000
1695834047962 1.0 144000
1695834094563 1.0 148000
1695834142042 1.0 152000
1695834188891 1.0 156000
1695834235549 1.0 160000
1695834282448 1.0 164000
