1695839677932 0.0 16000
1695839711414 0.0 20000
1695839744692 0.16666666666666666 24000
1695839779185 0.1 28000
1695839813848 0.1 32000
1695839850518 0.13636363636363635 36000
1695839886355 0.1 40000
1695839923880 0.12903225806451613 44000
1695839959583 0.14705882352941177 48000
1695839995733 0.16666666666666666 52000
1695840030940 0.20454545454545456 56000
1695840065024 0.23404255319148937 60000
1695840100238 0.20754716981132076 64000
1695840134370 0.21818181818181817 68000
1695840168911 0.2413793103448276 72000
1695840204494 0.296875 76000
1695840239916 0.3142857142857143 80000
1695840276740 0.35135135135135137 84000
1695840312793 0.379746835443038 88000
1695840348178 0.40229885057471265 92000
1695840382342 0.44086021505376344 96000
1695840416306 0.48 100000
1695840451274 0.54 104000
1695840485992 0.57 108000
1695840521025 0.62 112000
1695840555166 0.64 116000
1695840589115 0.71 120000
