1695839677932 0.0 16000
1695839711429 0.0 20000
1695839744692 1.0 24000
1695839779185 1.0 28000
1695839813864 1.0 32000
1695839850529 1.0 36000
1695839886357 1.0 40000
1695839923882 1.0 44000
1695839959583 1.0 48000
1695839995733 1.0 52000
1695840030942 1.0 56000
1695840065024 1.0 60000
1695840100240 1.0 64000
1695840134370 1.0 68000
1695840168912 1.0 72000
1695840204494 1.0 76000
1695840239919 1.0 80000
1695840276740 1.0 84000
1695840312793 1.0 88000
1695840348180 1.0 92000
1695840382342 1.0 96000
1695840416306 1.0 100000
1695840451274 1.0 104000
1695840485992 1.0 108000
1695840521030 1.0 112000
1695840555166 1.0 116000
1695840589115 1.0 120000
