1695839677932 0.0 16000
1695839711429 0.0 20000
1695839744692 0.0 24000
1695839779201 0.0 28000
1695839813864 0.0 32000
1695839850530 0.0 36000
1695839886358 0.0 40000
1695839923883 0.0 44000
1695839959597 0.0 48000
1695839995733 0.0 52000
1695840030943 0.0 56000
1695840065024 0.0 60000
1695840100241 0.0 64000
1695840134370 0.0 68000
1695840168913 0.0 72000
1695840204494 0.0 76000
1695840239920 0.0 80000
1695840276740 0.0 84000
1695840312793 0.0 88000
1695840348181 0.0 92000
1695840382342 0.0 96000
1695840416306 0.0 100000
1695840451274 0.0 104000
1695840485992 0.0 108000
1695840521030 0.0 112000
1695840555166 0.0 116000
1695840589115 0.0 120000
