1695836266469 0.4944333605000037 16000
1695836314061 0.4944333605000037 20000
1695836360531 0.48612123681818514 24000
1695836417812 0.4640545766665201 28000
1695836468503 0.4842900730157334 32000
1695836516267 0.45435180579697393 36000
1695836562898 0.45777148556248193 40000
1695836609751 0.45490788925401476 44000
1695836657031 0.47796457577403095 48000
1695836704585 0.4519948894079263 52000
1695836751466 0.4506779408857818 56000
1695836798667 0.4857497568290044 60000
1695836846907 0.4771449348492911 64000
1695836894560 0.47688719102871674 68000
1695836941740 0.4725481884642904 72000
1695836989012 0.46843744570774254 76000
1695837035943 0.463197528104267 80000
1695837083278 0.4596603991412619 84000
1695837129577 0.47021544707696566 88000
1695837177114 0.46871245475645235 92000
1695837225340 0.4589249571376917 96000
1695837272896 0.4733219484879101 100000
1695837319187 0.47214761638105507 104000
1695837365926 0.46537674158149567 108000
1695837413457 0.4623450524836113 112000
1695837464321 0.48803985528043137 116000
1695837514502 0.48923016415798976 120000
1695837563321 0.48681195884457124 124000
1695837610520 0.4929519588445712 128000
1695837658233 0.4870014588445711 132000
1695837705945 0.5106608119394295 136000
1695837753438 0.5171108119394294 140000
1695837803621 0.5071208119394293 144000
1695837851999 0.5060808119394291 148000
1695837899762 0.509327744317591 152000
1695837946950 0.5149072139821506 156000
1695837993845 0.5152707038877246 160000
1695838041403 0.5091407038877245 164000
1695838089493 0.5146507038877245 168000
1695838138571 0.5164006969372923 172000
1695838190408 0.5168006969372825 176000
