1695836266462 0.7033767376359299 16000
1695836314061 0.7033767376359299 20000
1695836360531 0.7929444991638088 24000
1695836417812 0.8536668869046201 28000
1695836468503 0.8385004577663049 32000
1695836516267 0.8764802869960253 36000
1695836562898 0.9148289850724112 40000
1695836609751 0.9380252109673713 44000
1695836657031 0.973507139935432 48000
1695836704585 0.9937669740173958 52000
1695836751466 1.0007407853295616 56000
1695836798665 1.0120315633034693 60000
1695836846906 1.0470515122969954 64000
1695836894560 1.069494242209136 68000
1695836941740 1.1127947943782988 72000
1695836989012 1.1411433623835259 76000
1695837035943 1.148596584171676 80000
1695837083278 1.147651985744905 84000
1695837129577 1.1439367994134813 88000
1695837177114 1.1503832864051857 92000
1695837225339 1.170389617750849 96000
1695837272895 1.1804468248554314 100000
1695837319187 1.1937521709973538 104000
1695837365926 1.2044067202336597 108000
1695837413457 1.2084917680369172 112000
1695837464321 1.1880691131195733 116000
1695837514502 1.2045531149549078 120000
1695837563321 1.241241413104413 124000
1695837610520 1.2441283454825744 128000
1695837658233 1.256919374188898 132000
1695837705945 1.2644115433631253 136000
1695837753438 1.2598615433631253 140000
1695837803621 1.2921014318531845 144000
1695837851999 1.3221520727376699 148000
1695837899762 1.3454686926158415 152000
1695837946950 1.3506338749940028 156000
1695837993845 1.3469200025721642 160000
1695838041403 1.3611248048284879 164000
1695838089493 1.3740651046903856 168000
1695838138571 1.3769751116408173 172000
1695838190407 1.3684351116408269 176000
