1695827606571 0.8556562499999999 8000
1695827652034 0.8556562499999999 12000
1695827698531 1.5150500000000076 16000
1695827745423 1.5150500000000076 20000
1695827791906 1.5150500000000076 24000
1695827839139 1.5150500000000076 28000
1695827885846 1.5150500000000076 32000
1695827933025 2.3939780335440664 36000
1695827979180 2.3939780335440664 40000
1695828025075 2.3939780335440664 44000
1695828071839 2.3939780335440664 48000
1695828118286 2.3939780335440664 52000
1695828164169 2.3939780335440664 56000
1695828210730 2.3939780335440664 60000
1695828256865 2.3939780335440664 64000
1695828305387 2.3939780335440664 68000
1695828351979 2.3939780335440664 72000
1695828397837 2.3939780335440664 76000
1695828444868 2.3939780335440664 80000
1695828491272 2.3939780335440664 84000
1695828537938 2.3939780335440664 88000
1695828583985 2.3939780335440664 92000
1695828631895 2.3939780335440664 96000
1695828678604 2.3939780335440664 100000
1695828725402 2.3939780335440664 104000
1695828771337 2.719771362816176 108000
1695828818086 2.719771362816176 112000
1695828865234 2.719771362816176 116000
1695828911250 2.719771362816176 120000
1695828957895 2.719771362816176 124000
1695829004680 2.719771362816176 128000
1695829052080 2.719771362816176 132000
1695829099059 2.719771362816176 136000
1695829146187 2.719771362816176 140000
1695829193259 2.719771362816176 144000
1695829239793 2.719771362816176 148000
1695829287319 2.719771362816176 152000
1695829334683 2.719771362816176 156000
1695829382820 2.719771362816176 160000
1695829431041 2.719771362816176 164000
