1695827606571 0.721500000000003 8000
1695827652034 0.721500000000003 12000
1695827698531 1.4670499999999929 16000
1695827745423 1.4670499999999929 20000
1695827791906 1.4670499999999929 24000
1695827839139 1.6789346144425836 28000
1695827885846 1.6789346144425836 32000
1695827933025 1.6789346144425836 36000
1695827979180 1.6789346144425836 40000
1695828025075 1.6789346144425836 44000
1695828071839 1.8679346144425917 48000
1695828118286 1.8679346144425917 52000
1695828164169 1.8679346144425917 56000
1695828210733 1.8679346144425917 60000
1695828256865 1.8679346144425917 64000
1695828305388 1.8679346144425917 68000
1695828351979 1.8679346144425917 72000
1695828397837 1.8679346144425917 76000
1695828444868 1.8679346144425917 80000
1695828491273 1.8679346144425917 84000
1695828537938 1.989193237816169 88000
1695828583985 1.989193237816169 92000
1695828631895 1.989193237816169 96000
1695828678604 1.989193237816169 100000
1695828725402 1.989193237816169 104000
1695828771337 2.0011932378161696 108000
1695828818086 2.0011932378161696 112000
1695828865234 2.0011932378161696 116000
1695828911250 2.0011932378161696 120000
1695828957895 2.0011932378161696 124000
1695829004680 2.0011932378161696 128000
1695829052080 2.0011932378161696 132000
1695829099059 2.0011932378161696 136000
1695829146203 2.0011932378161696 140000
1695829193259 2.0011932378161696 144000
1695829239793 2.0011932378161696 148000
1695829287319 2.0011932378161696 152000
1695829334683 2.0071932378152035 156000
1695829382820 2.0071932378152035 160000
1695829431042 2.0071932378152035 164000
