1695836266462 -0.18300000000000013 16000
1695836314045 -0.18300000000000013 20000
1695836360531 -0.18300000000000013 24000
1695836417796 -0.18300000000000013 28000
1695836468499 -0.18300000000000013 32000
1695836516267 -0.18300000000000013 36000
1695836562898 -0.18300000000000013 40000
1695836609735 -0.18300000000000013 44000
1695836657031 -0.18300000000000013 48000
1695836704585 -0.18300000000000013 52000
1695836751450 -0.18300000000000013 56000
1695836798662 -0.18300000000000013 60000
1695836846903 -0.18300000000000013 64000
1695836894556 -0.18300000000000013 68000
1695836941740 -0.18300000000000013 72000
1695836989012 -0.18300000000000013 76000
1695837035940 -0.18300000000000013 80000
1695837083272 -0.32700000000000023 84000
1695837129569 -0.32700000000000023 88000
1695837177114 -0.32700000000000023 92000
1695837225334 -0.32700000000000023 96000
1695837272880 -0.32700000000000023 100000
1695837319187 -0.32700000000000023 104000
1695837365926 -0.32700000000000023 108000
1695837413442 -0.32700000000000023 112000
1695837464318 -0.32700000000000023 116000
1695837514486 -0.32700000000000023 120000
1695837563321 -0.32700000000000023 124000
1695837610505 -0.32700000000000023 128000
1695837658233 -0.32700000000000023 132000
1695837705926 -0.32700000000000023 136000
1695837753431 -0.32700000000000023 140000
1695837803621 -0.32700000000000023 144000
1695837851999 -0.32700000000000023 148000
1695837899762 -0.32700000000000023 152000
1695837946950 -0.32700000000000023 156000
1695837993845 -0.32700000000000023 160000
1695838041403 -0.32700000000000023 164000
1695838089493 -0.32700000000000023 168000
1695838138571 -0.32700000000000023 172000
1695838190404 -0.32700000000000023 176000
