1695836266462 -0.17300000000000013 16000
1695836314045 -0.17300000000000013 20000
1695836360531 -0.17300000000000013 24000
1695836417796 -0.18400000000000014 28000
1695836468500 -0.18400000000000014 32000
1695836516267 -0.18400000000000014 36000
1695836562898 -0.18400000000000014 40000
1695836609751 -0.18400000000000014 44000
1695836657031 -0.18400000000000014 48000
1695836704585 -0.18400000000000014 52000
1695836751466 -0.18400000000000014 56000
1695836798663 -0.18400000000000014 60000
1695836846904 -0.18400000000000014 64000
1695836894557 -0.18400000000000014 68000
1695836941740 -0.18400000000000014 72000
1695836989012 -0.18400000000000014 76000
1695837035940 -0.18400000000000014 80000
1695837083272 -0.18400000000000014 84000
1695837129569 -0.18400000000000014 88000
1695837177114 -0.18400000000000014 92000
1695837225336 -0.18400000000000014 96000
1695837272880 -0.18400000000000014 100000
1695837319187 -0.18400000000000014 104000
1695837365926 -0.18400000000000014 108000
1695837413442 -0.18400000000000014 112000
1695837464318 -0.18400000000000014 116000
1695837514486 -0.18400000000000014 120000
1695837563321 -0.18400000000000014 124000
1695837610505 -0.18400000000000014 128000
1695837658233 -0.18400000000000014 132000
1695837705942 -0.18400000000000014 136000
1695837753431 -0.1360000000000001 140000
1695837803621 -0.09900000000000007 144000
1695837851999 -0.09200000000000007 148000
1695837899762 -0.09200000000000007 152000
1695837946950 -0.09200000000000007 156000
1695837993845 -0.09200000000000007 160000
1695838041403 -0.09200000000000007 164000
1695838089493 -0.09200000000000007 168000
1695838138571 -0.09200000000000007 172000
1695838190404 -0.09200000000000007 176000
