1695832399396 1.0 4000
1695832445125 1.0 8000
1695832489760 1.0 12000
1695832537053 1.0 16000
1695832584053 1.0 20000
1695832631148 1.0 24000
1695832679655 1.0 28000
1695832726697 1.0 32000
1695832772926 1.0 36000
1695832820218 1.0 40000
1695832867972 1.0 44000
1695832915309 1.0 48000
1695832962371 1.0 52000
1695833010681 1.0 56000
1695833058586 1.0 60000
1695833105522 1.0 64000
1695833151801 1.0 68000
1695833198180 1.0 72000
1695833244676 1.0 76000
1695833290785 1.0 80000
1695833337011 1.0 84000
1695833383571 1.0 88000
1695833431458 1.0 92000
1695833480242 1.0 96000
1695833527735 1.0 100000
1695833575445 1.0 104000
1695833622182 1.0 108000
1695833668789 1.0 112000
1695833716684 1.0 116000
1695833763321 1.0 120000
1695833810177 1.0 124000
1695833857874 1.0 128000
1695833906614 1.0 132000
1695833954239 1.0 136000
1695834000767 1.0 140000
1695834047936 1.0 144000
1695834094537 1.0 148000
1695834142017 1.0 152000
1695834188866 1.0 156000
1695834235525 1.0 160000
1695834282422 1.0 164000
