1695839678091 -0.19000000000000014 16000
1695839711556 -0.19000000000000014 20000
1695839744850 -0.19000000000000014 24000
1695839779345 -0.19000000000000014 28000
1695839813992 -0.19000000000000014 32000
1695839850672 -0.19000000000000014 36000
1695839886507 -0.20000000000000015 40000
1695839924029 -0.20000000000000015 44000
1695839959731 -0.20000000000000015 48000
1695839995882 -0.20000000000000015 52000
1695840031090 -0.20000000000000015 56000
1695840065168 -0.20000000000000015 60000
1695840100394 -0.20200000000000015 64000
1695840134514 -0.20200000000000015 68000
1695840169066 -0.20200000000000015 72000
1695840204645 -0.20200000000000015 76000
1695840240063 -0.20200000000000015 80000
1695840276893 -0.20200000000000015 84000
1695840312953 -0.20200000000000015 88000
1695840348324 -0.20200000000000015 92000
1695840382492 -0.20200000000000015 96000
1695840416459 -0.20200000000000015 100000
1695840451434 -0.20200000000000015 104000
1695840486134 -0.20200000000000015 108000
1695840521168 -0.20200000000000015 112000
1695840555304 -0.20200000000000015 116000
1695840589260 -0.20200000000000015 120000
