1695839678082 -0.17900000000000013 16000
1695839711556 -0.17900000000000013 20000
1695839744850 -0.17900000000000013 24000
1695839779345 -0.17900000000000013 28000
1695839813992 -0.17900000000000013 32000
1695839850672 -0.17900000000000013 36000
1695839886506 -0.17900000000000013 40000
1695839924028 -0.17900000000000013 44000
1695839959731 -0.17900000000000013 48000
1695839995882 -0.17900000000000013 52000
1695840031090 -0.17900000000000013 56000
1695840065168 -0.17900000000000013 60000
1695840100392 -0.17900000000000013 64000
1695840134514 -0.17900000000000013 68000
1695840169065 -0.17900000000000013 72000
1695840204645 -0.17900000000000013 76000
1695840240062 -0.17900000000000013 80000
1695840276893 -0.17900000000000013 84000
1695840312953 -0.17900000000000013 88000
1695840348323 -0.17900000000000013 92000
1695840382492 -0.17900000000000013 96000
1695840416459 -0.17200000000000013 100000
1695840451418 0.10017187499999983 104000
1695840486134 0.12288461444259205 108000
1695840521168 0.044999999999999596 112000
1695840555304 0.044999999999999596 116000
1695840589260 0.02699999999999958 120000
