1695839581411 8.0 4000
1695839614076 8.0 8000
1695839646228 8.0 12000
1695839678140 8.0 16000
1695839711603 8.0 20000
1695839744891 8.0 24000
1695839779397 8.0 28000
1695839814039 8.0 32000
1695839850705 8.0 36000
1695839886550 8.0 40000
1695839924069 8.0 44000
1695839959783 8.0 48000
1695839995915 8.0 52000
1695840031129 8.0 56000
1695840065215 8.0 60000
1695840100435 8.0 64000
1695840134561 8.0 68000
1695840169106 8.0 72000
1695840204678 8.0 76000
1695840240103 8.0 80000
1695840276943 8.0 84000
1695840312995 8.0 88000
1695840348363 8.0 92000
1695840382525 8.0 96000
1695840416508 8.0 100000
1695840451465 8.0 104000
1695840486181 8.0 108000
1695840521199 8.0 112000
1695840555353 8.0 116000
1695840589291 8.0 120000
