1695827563246 479.5 4000
1695827606769 479.5 8000
1695827652210 479.5 12000
1695827698721 479.5 16000
1695827745618 479.5 20000
1695827792093 479.5 24000
1695827839329 479.5 28000
1695827886021 479.5 32000
1695827933215 479.5 36000
1695827979371 479.5 40000
1695828025298 479.5 44000
1695828072029 479.5 48000
1695828118462 479.5 52000
1695828164343 479.5 56000
1695828210911 479.5 60000
1695828257061 479.5 64000
1695828305565 479.5 68000
1695828352173 479.5 72000
1695828398019 479.5 76000
1695828445063 479.5 80000
1695828491459 479.5 84000
1695828538129 479.5 88000
1695828584177 479.5 92000
1695828632098 479.5 96000
1695828678812 479.5 100000
1695828725594 479.5 104000
1695828771512 479.5 108000
1695828818277 479.5 112000
1695828865425 479.5 116000
1695828911429 479.5 120000
1695828958086 479.5 124000
1695829004871 479.5 128000
1695829052256 479.5 132000
1695829099248 479.5 136000
1695829146378 479.5 140000
1695829193451 479.5 144000
1695829239984 479.5 148000
1695829287495 479.5 152000
1695829334874 479.5 156000
1695829382999 479.5 160000
1695829431228 479.5 164000
