1695827563245 480.5 4000
1695827606769 1440.5 8000
1695827652210 2400.5 12000
1695827698706 3360.5 16000
1695827745617 4320.5 20000
1695827792093 5280.5 24000
1695827839329 6240.5 28000
1695827886021 7200.5 32000
1695827933215 8160.5 36000
1695827979371 9120.5 40000
1695828025298 10080.5 44000
1695828072029 11040.5 48000
1695828118462 12000.5 52000
1695828164343 12960.5 56000
1695828210911 13920.5 60000
1695828257061 14880.5 64000
1695828305565 15840.5 68000
1695828352173 16800.5 72000
1695828398019 17760.5 76000
1695828445063 18720.5 80000
1695828491459 19680.5 84000
1695828538113 20640.5 88000
1695828584177 21600.5 92000
1695828632097 22560.5 96000
1695828678812 23520.5 100000
1695828725594 24480.5 104000
1695828771512 25440.5 108000
1695828818277 26400.5 112000
1695828865425 27360.5 116000
1695828911429 28320.5 120000
1695828958086 29280.5 124000
1695829004871 30240.5 128000
1695829052256 31200.5 132000
1695829099248 32160.5 136000
1695829146378 33120.5 140000
1695829193436 34080.5 144000
1695829239984 35040.5 148000
1695829287495 36000.5 152000
1695829334869 36960.5 156000
1695829382999 37920.5 160000
1695829431227 38880.5 164000
