1695830907541 0.7019999999999998 12000
1695830954103 -0.17300000000000013 16000
1695831002503 -0.17300000000000013 20000
1695831049640 -0.17300000000000013 24000
1695831097149 -0.17300000000000013 28000
1695831144639 -0.17300000000000013 32000
1695831191141 -0.17300000000000013 36000
1695831240827 -0.17300000000000013 40000
1695831287484 -0.17300000000000013 44000
1695831333759 -0.17300000000000013 48000
1695831380557 -0.17300000000000013 52000
1695831430410 -0.17300000000000013 56000
1695831477586 -0.17300000000000013 60000
1695831525739 -0.17300000000000013 64000
1695831573113 -0.17300000000000013 68000
1695831620358 -0.17300000000000013 72000
1695831667796 -0.17300000000000013 76000
1695831715885 -0.17300000000000013 80000
1695831762988 -0.17300000000000013 84000
1695831811115 -0.17300000000000013 88000
1695831859744 -0.17300000000000013 92000
1695831908196 -0.17300000000000013 96000
1695831955881 -0.17300000000000013 100000
1695832003170 -0.17300000000000013 104000
1695832050435 -0.17300000000000013 108000
1695832097656 -0.17300000000000013 112000
1695832144938 -0.17300000000000013 116000
1695832192664 -0.30400000000000066 120000
