1695830907541 -0.7212573578908242 12000
1695830954103 -1.490000000000001 16000
1695831002503 -1.490000000000001 20000
1695831049640 -1.490000000000001 24000
1695831097148 -1.490000000000001 28000
1695831144639 -1.490000000000001 32000
1695831191141 -1.490000000000001 36000
1695831240827 -1.490000000000001 40000
1695831287484 -1.490000000000001 44000
1695831333759 -1.490000000000001 48000
1695831380557 -1.490000000000001 52000
1695831430410 -1.490000000000001 56000
1695831477571 -1.490000000000001 60000
1695831525737 -1.490000000000001 64000
1695831573113 -1.490000000000001 68000
1695831620358 -1.490000000000001 72000
1695831667780 -1.490000000000001 76000
1695831715885 -1.490000000000001 80000
1695831762987 -1.490000000000001 84000
1695831811115 -1.490000000000001 88000
1695831859744 -1.490000000000001 92000
1695831908196 -1.490000000000001 96000
1695831955881 -1.490000000000001 100000
1695832003170 -1.490000000000001 104000
1695832050435 -1.490000000000001 108000
1695832097656 -1.490000000000001 112000
1695832144938 -1.490000000000001 116000
1695832192664 -1.490000000000001 120000
