1695836125891 4000.0 4000
1695836171442 8000.0 8000
1695836218871 12000.0 12000
1695836266485 16000.0 16000
1695836314061 20000.0 20000
1695836360547 24000.0 24000
1695836417828 28000.0 28000
1695836468519 32000.0 32000
1695836516284 36000.0 36000
1695836562915 40000.0 40000
1695836609766 44000.0 44000
1695836657046 48000.0 48000
1695836704601 52000.0 52000
1695836751481 56000.0 56000
1695836798681 60000.0 60000
1695836846921 64000.0 64000
1695836894574 68000.0 68000
1695836941759 72000.0 72000
1695836989029 76000.0 76000
1695837035955 80000.0 80000
1695837083288 84000.0 84000
1695837129585 88000.0 88000
1695837177131 92000.0 92000
1695837225353 96000.0 96000
1695837272909 100000.0 100000
1695837319204 104000.0 104000
1695837365941 108000.0 108000
1695837413470 112000.0 112000
1695837464337 116000.0 116000
1695837514518 120000.0 120000
1695837563336 124000.0 124000
1695837610520 128000.0 128000
1695837658249 132000.0 132000
1695837705960 136000.0 136000
1695837753438 140000.0 140000
1695837803637 144000.0 144000
1695837852010 148000.0 148000
1695837899778 152000.0 152000
1695837946965 156000.0 156000
1695837993861 160000.0 160000
1695838041413 164000.0 164000
1695838089509 168000.0 168000
1695838138580 172000.0 172000
1695838190423 176000.0 176000
