1695836125994 38.49032258064516 4000
1695836171525 39.3725806451613 8000
1695836218972 37.93582089552238 12000
1695836266565 36.907462686567165 16000
1695836314157 38.52727272727273 20000
1695836360629 39.054545454545455 24000
1695836417938 48.33846153846154 28000
1695836468599 40.639726027397266 32000
1695836516378 38.57313432835821 36000
1695836562994 38.0 40000
1695836609846 38.201515151515146 44000
1695836657128 38.9530303030303 48000
1695836704681 38.56666666666667 52000
1695836751565 37.621212121212125 56000
1695836798769 38.64242424242424 60000
1695836847009 38.44264705882353 64000
1695836894652 37.72985074626866 68000
1695836941835 37.71515151515152 72000
1695836989123 37.7060606060606 76000
1695837036050 37.99393939393939 80000
1695837083383 37.52121212121212 84000
1695837129681 37.31999999999999 88000
1695837177225 37.426865671641806 92000
1695837225450 38.23880597014926 96000
1695837273006 37.98805970149253 100000
1695837319290 36.903076923076924 104000
1695837366037 38.268181818181816 108000
1695837413559 37.78787878787879 112000
1695837464418 37.732394366197184 116000
1695837514613 37.85857142857143 120000
1695837563421 37.982608695652175 124000
1695837610615 37.837878787878786 128000
1695837658335 38.43283582089552 132000
1695837706049 38.13432835820896 136000
1695837753533 38.201492537313435 140000
1695837803733 37.86231884057972 144000
1695837852105 38.220588235294116 148000
1695837899873 37.48939393939394 152000
1695837947062 37.22388059701493 156000
1695837993957 37.48787878787879 160000
1695838041508 37.654545454545456 164000
1695838089605 37.83432835820895 168000
1695838138675 38.72173913043477 172000
1695838190514 37.66111111111111 176000
