1695836125996 30.94838709677419 4000
1695836171525 31.416129032258073 8000
1695836218974 31.48656716417911 12000
1695836266565 31.767164179104487 16000
1695836314157 31.909090909090917 20000
1695836360629 31.796969696969704 24000
1695836417938 32.58717948717949 28000
1695836468599 33.11232876712329 32000
1695836516378 32.944776119402995 36000
1695836562994 32.88787878787879 40000
1695836609846 32.978787878787884 44000
1695836657128 32.97878787878787 48000
1695836704681 33.07272727272726 52000
1695836751565 33.125757575757575 56000
1695836798770 33.213636363636354 60000
1695836847011 33.47058823529411 64000
1695836894652 33.502985074626864 68000
1695836941835 33.56212121212121 72000
1695836989123 33.593939393939394 76000
1695837036051 33.60909090909091 80000
1695837083383 33.71969696969697 84000
1695837129681 33.78307692307693 88000
1695837177225 33.917910447761194 92000
1695837225450 34.016417910447764 96000
1695837273006 34.2223880597015 100000
1695837319290 34.14 104000
1695837366037 34.24545454545456 108000
1695837413559 34.354545454545466 112000
1695837464418 35.04225352112677 116000
1695837514613 35.40142857142858 120000
1695837563421 35.676811594202896 124000
1695837610615 36.69848484848484 128000
1695837658335 36.77462686567165 132000
1695837706050 36.83880597014926 136000
1695837753533 36.85970149253731 140000
1695837803733 36.49420289855072 144000
1695837852105 36.81176470588234 148000
1695837899873 36.7469696969697 152000
1695837947062 36.79253731343284 156000
1695837993957 36.878787878787875 160000
1695838041508 36.9 164000
1695838089605 37.116417910447765 168000
1695838138675 37.08260869565217 172000
1695838190515 36.92916666666666 176000
