1695839678122 0.11632204055786133 16000
1695839711588 0.11632204055786133 20000
1695839744881 0.10110139846801758 24000
1695839779377 0.06066083908081055 28000
1695839814024 0.06066083908081055 32000
1695839850705 0.09074482050808994 36000
1695839886532 0.07404287656148274 40000
1695839924061 0.09148197789346019 44000
1695839959765 0.08659432916080251 48000
1695839995915 0.07010017122541155 52000
1695840031122 0.06691379980607466 56000
1695840065199 0.06370595160951005 60000
1695840100427 0.059092044830322266 64000
1695840134545 0.057856386358087715 68000
1695840169099 0.05660015961219524 72000
1695840204678 0.05360133945941925 76000
1695840240095 0.04985196249825614 80000
1695840276935 0.06068767728032293 84000
1695840312976 0.05888742736623257 88000
1695840348356 0.05703054625412513 92000
1695840382525 0.05496548068138861 96000
1695840416492 0.044417381286621094 100000
1695840451465 0.04115033149719238 104000
1695840486165 0.040650367736816406 108000
1695840521199 0.04894721508026123 112000
1695840555337 0.041115522384643555 116000
1695840589291 0.03976845741271973 120000
