1695839678122 0.0 16000
1695839711588 0.0 20000
1695839744881 0.0 24000
1695839779392 0.0 28000
1695839814024 0.0 32000
1695839850705 0.0 36000
1695839886532 0.0 40000
1695839924062 0.0 44000
1695839959765 0.0008835512049057905 48000
1695839995915 0.0007152557373046875 52000
1695840031123 0.0006827441128817471 56000
1695840065199 0.0006391647014212101 60000
1695840100428 0.0005668064333357901 64000
1695840134545 0.0005461952903053977 68000
1695840169100 0.0005179438097723599 72000
1695840204678 0.00046938657760620117 76000
1695840240096 0.0004291534423828125 80000
1695840276936 0.0004059559590107686 84000
1695840312990 0.0003802625438835047 88000
1695840348357 0.0003452958731815733 92000
1695840382525 0.00032301872007308466 96000
1695840416492 0.0008057355880737305 100000
1695840451465 0.0013061761856079102 104000
1695840486165 0.0013061761856079102 108000
1695840521199 0.0013061761856079102 112000
1695840555353 0.0013061761856079102 116000
1695840589291 0.0013061761856079102 120000
