1695827606705 0.0 8000
1695827652161 0.0 12000
1695827698658 0.0 16000
1695827745555 0.0 20000
1695827792048 0.0 24000
1695827839282 0.0 28000
1695827885973 0.0 32000
1695827933152 0.0 36000
1695827979327 0.0 40000
1695828025234 0.0 44000
1695828071982 0.0 48000
1695828118413 0.0 52000
1695828164296 0.0 56000
1695828210858 0.0 60000
1695828256997 0.0 64000
1695828305521 0.0 68000
1695828352124 0.0 72000
1695828397963 0.0 76000
1695828444999 0.0 80000
1695828491405 0.0 84000
1695828538065 0.0 88000
1695828584130 0.0 92000
1695828632046 0.0 96000
1695828678747 0.0 100000
1695828725544 0.0 104000
1695828771465 0.0 108000
1695828818213 0.0 112000
1695828865377 0.0 116000
1695828911382 0.0 120000
1695828958039 0.0 124000
1695829004807 0.0 128000
1695829052207 0.0 132000
1695829099185 0.0 136000
1695829146330 0.0 140000
1695829193388 0.0 144000
1695829239937 0.0 148000
1695829287446 0.0 152000
1695829334819 0.0 156000
1695829382951 0.0 160000
1695829431178 0.0 164000
