1695827606705 0.0 8000
1695827652161 0.0 12000
1695827698658 0.0 16000
1695827745555 0.0 20000
1695827792043 0.0 24000
1695827839266 0.0 28000
1695827885973 0.0 32000
1695827933152 0.0 36000
1695827979306 0.0 40000
1695828025234 0.0 44000
1695828071966 0.0 48000
1695828118413 0.0 52000
1695828164296 0.0 56000
1695828210858 0.0 60000
1695828256997 0.0 64000
1695828305516 0.0 68000
1695828352108 0.0 72000
1695828397963 0.0 76000
1695828444999 0.0 80000
1695828491401 0.0 84000
1695828538065 0.0 88000
1695828584114 0.0 92000
1695828632042 0.0 96000
1695828678747 0.0 100000
1695828725544 0.0 104000
1695828771461 0.0 108000
1695828818213 0.0 112000
1695828865361 0.0 116000
1695828911382 0.0 120000
1695828958022 0.0 124000
1695829004807 0.0 128000
1695829052207 0.0 132000
1695829099185 0.0 136000
1695829146314 0.0 140000
1695829193388 0.0 144000
1695829239927 0.0 148000
1695829287446 0.0 152000
1695829334814 0.0 156000
1695829382936 0.0 160000
1695829431163 0.0 164000
