1695839581411 2.0 4000
1695839614060 2.0 8000
1695839646228 2.0 12000
1695839678140 2.0 16000
1695839711603 2.0 20000
1695839744881 2.0 24000
1695839779395 2.0 28000
1695839814024 2.0 32000
1695839850705 2.0 36000
1695839886532 2.0 40000
1695839924065 2.0 44000
1695839959765 2.0 48000
1695839995915 2.0 52000
1695840031125 2.0 56000
1695840065199 2.0 60000
1695840100431 2.0 64000
1695840134545 2.0 68000
1695840169103 2.0 72000
1695840204678 2.0 76000
1695840240099 2.0 80000
1695840276940 2.0 84000
1695840312993 2.0 88000
1695840348360 2.0 92000
1695840382525 2.0 96000
1695840416492 2.0 100000
1695840451465 2.0 104000
1695840486165 2.0 108000
1695840521199 2.0 112000
1695840555353 2.0 116000
1695840589291 2.0 120000
