1695839581411 0.0 4000
1695839614060 0.0 8000
1695839646228 0.0 12000
1695839678140 0.0 16000
1695839711603 0.0 20000
1695839744881 0.0 24000
1695839779395 0.0 28000
1695839814024 0.0 32000
1695839850705 0.0 36000
1695839886532 0.0 40000
1695839924066 0.0 44000
1695839959780 0.0 48000
1695839995915 0.0 52000
1695840031126 0.0 56000
1695840065199 0.0 60000
1695840100432 0.0 64000
1695840134545 0.0 68000
1695840169104 0.0 72000
1695840204678 0.0 76000
1695840240100 0.0 80000
1695840276941 0.0 84000
1695840312995 0.0 88000
1695840348361 0.0 92000
1695840382525 0.0 96000
1695840416492 0.0 100000
1695840451465 0.0 104000
1695840486165 0.0 108000
1695840521199 0.0 112000
1695840555353 0.0 116000
1695840589291 0.0 120000
