1695836126092 2.0 4000
1695836171613 2.0 8000
1695836219055 2.0 12000
1695836266693 2.0 16000
1695836314274 2.0 20000
1695836360760 2.0 24000
1695836418067 2.0 28000
1695836468710 2.0 32000
1695836516485 2.0 36000
1695836563106 2.0 40000
1695836609957 2.0 44000
1695836657245 2.0 48000
1695836704792 2.0 52000
1695836751677 2.0 56000
1695836798887 2.0 60000
1695836847130 2.0 64000
1695836894764 2.0 68000
1695836941962 2.0 72000
1695836989234 2.0 76000
1695837036161 2.0 80000
1695837083494 2.0 84000
1695837129792 2.0 88000
1695837177354 2.0 92000
1695837225569 2.0 96000
1695837273118 2.0 100000
1695837319401 2.0 104000
1695837366154 2.0 108000
1695837413675 2.0 112000
1695837464528 2.0 116000
1695837514721 2.0 120000
1695837563549 2.0 124000
1695837610727 2.0 128000
1695837658450 2.0 132000
1695837706159 2.0 136000
1695837753648 2.0 140000
1695837803844 2.0 144000
1695837852216 2.0 148000
1695837899984 2.0 152000
1695837947175 2.0 156000
1695837994068 2.0 160000
1695838041620 2.0 164000
1695838089716 2.0 168000
1695838138789 2.0 172000
1695838190632 2.0 176000
