1695827606689 0.721500000000003 8000
1695827652145 0.721500000000003 12000
1695827698643 0.6894948683832287 16000
1695827745540 0.6894948683832287 20000
1695827792025 0.6470369626846263 24000
1695827839249 0.5367785354715525 28000
1695827885958 0.4884577595195932 32000
1695827933136 0.4906807160298014 36000
1695827979291 0.6027244906182206 40000
1695828025218 0.6126685738712763 44000
1695828071951 0.6599022710223525 48000
1695828118398 0.6745158209113318 52000
1695828164265 0.6712157950119019 56000
1695828210842 0.6567079431957658 60000
1695828256981 0.6877831460925181 64000
1695828305500 0.695623730424626 68000
1695828352092 0.7210092268895186 72000
1695828397948 0.7209642811168195 76000
1695828444983 0.7308817466736939 80000
1695828491384 0.7474474154431333 84000
1695828538049 0.7555657221296315 88000
1695828584097 0.7730725885985608 92000
1695828632025 0.7874834081208046 96000
1695828678732 0.7883835198218883 100000
1695828725529 0.7687799580598565 104000
1695828771432 0.8037505443313983 108000
1695828818197 0.8167974836599925 112000
1695828865350 0.8801471455508004 116000
1695828911367 0.881915220123071 120000
1695828958006 0.9085788346956488 124000
1695829004792 0.9147893330665318 128000
1695829052192 0.9351237164352777 132000
1695829099170 0.9324281860998369 136000
1695829146299 0.9235693213435137 140000
1695829193371 0.917132997017057 144000
1695829239904 0.9129996322607336 148000
1695829287431 0.9346039784051405 152000
1695829334794 0.9270504411813262 156000
1695829382920 0.9009088655242633 160000
1695829431156 0.9071361743828262 164000
