1695827606571 0.0 8000
1695827652050 0.0 12000
1695827698547 0.020665472204034977 16000
1695827745439 0.020665472204034977 20000
1695827791921 0.0189433495203654 24000
1695827839155 0.09504854679107666 28000
1695827885846 0.0887453556060791 32000
1695827933041 0.10139059137415003 36000
1695827979196 0.0883079344226468 40000
1695828025090 0.10662945834073154 44000
1695828071855 0.11622358012843777 48000
1695828118286 0.11817327765531319 52000
1695828164169 0.11046632476474928 56000
1695828210733 0.1127784068767841 60000
1695828256865 0.10860142884431062 64000
1695828305396 0.10111167513090989 68000
1695828351997 0.09613896979660284 72000
1695828397837 0.08885571450898141 76000
1695828444887 0.0837782451084682 80000
1695828491280 0.07924969131882126 84000
1695828537954 0.07616204100769836 88000
1695828584002 0.06899384891285616 92000
1695828631911 0.06740778342060659 96000
1695828678613 0.06664178588173607 100000
1695828725417 0.06173133850097656 104000
1695828771337 0.058644771575927734 108000
1695828818086 0.0642251968383789 112000
1695828865250 0.07158803939819336 116000
1695828911255 0.06366598606109619 120000
1695828957911 0.05483734607696533 124000
1695829004696 0.0402066707611084 128000
1695829052080 0.040259599685668945 132000
1695829099059 0.03244781494140625 136000
1695829146203 0.024617552757263184 140000
1695829193276 0.03254091739654541 144000
1695829239809 0.03254091739654541 148000
1695829287335 0.03254091739654541 152000
1695829334683 0.03554069995880127 156000
1695829382820 0.03654050827026367 160000
1695829431050 0.041689276695251465 164000
