1695827606571 0.0 8000
1695827652050 0.0 12000
1695827698547 0.0 16000
1695827745439 0.0 20000
1695827791921 0.0 24000
1695827839155 0.0 28000
1695827885846 0.0 32000
1695827933041 0.0 36000
1695827979196 0.0 40000
1695828025090 0.0 44000
1695828071855 0.0 48000
1695828118286 0.0 52000
1695828164169 0.0 56000
1695828210733 0.0 60000
1695828256865 0.0 64000
1695828305397 0.0 68000
1695828351997 0.0 72000
1695828397852 0.0 76000
1695828444888 0.0 80000
1695828491281 0.0 84000
1695828537954 0.0 88000
1695828584002 0.0 92000
1695828631911 0.0 96000
1695828678613 0.0 100000
1695828725417 0.0 104000
1695828771337 0.0 108000
1695828818101 0.0 112000
1695828865250 0.0 116000
1695828911255 0.0 120000
1695828957911 0.0 124000
1695829004696 0.0 128000
1695829052080 0.0 132000
1695829099059 0.0 136000
1695829146203 0.0 140000
1695829193276 0.0 144000
1695829239809 0.0 148000
1695829287335 0.0 152000
1695829334683 0.0 156000
1695829382820 0.00026345252990722656 160000
1695829431051 0.00026345252990722656 164000
