1695836126086 0.001 4000
1695836171600 0.001 8000
1695836219050 0.001 12000
1695836266677 0.001 16000
1695836314270 0.001 20000
1695836360760 0.001 24000
1695836418060 0.001 28000
1695836468710 0.001 32000
1695836516485 0.001 36000
1695836563106 0.001 40000
1695836609957 0.001 44000
1695836657245 0.001 48000
1695836704792 0.001 52000
1695836751677 0.001 56000
1695836798882 0.001 60000
1695836847126 0.001 64000
1695836894764 0.001 68000
1695836941946 0.001 72000
1695836989234 0.001 76000
1695837036145 0.001 80000
1695837083479 0.001 84000
1695837129777 0.001 88000
1695837177348 0.001 92000
1695837225564 0.001 96000
1695837273114 0.001 100000
1695837319401 0.001 104000
1695837366154 0.001 108000
1695837413670 0.001 112000
1695837464528 0.001 116000
1695837514721 0.001 120000
1695837563533 0.001 124000
1695837610711 0.001 128000
1695837658448 0.001 132000
1695837706159 0.001 136000
1695837753648 0.001 140000
1695837803827 0.001 144000
1695837852216 0.001 148000
1695837899984 0.001 152000
1695837947175 0.001 156000
1695837994068 0.001 160000
1695838041604 0.001 164000
1695838089700 0.001 168000
1695838138789 0.001 172000
1695838190628 0.001 176000
