1695836126084 0.5 4000
1695836171600 0.5 8000
1695836219048 0.5 12000
1695836266677 0.5 16000
1695836314268 0.5 20000
1695836360744 0.5 24000
1695836418060 0.5 28000
1695836468710 0.5 32000
1695836516474 0.5 36000
1695836563106 0.5 40000
1695836609957 0.5 44000
1695836657245 0.5 48000
1695836704792 0.5 52000
1695836751677 0.5 56000
1695836798880 0.5 60000
1695836847124 0.5 64000
1695836894764 0.5 68000
1695836941946 0.5 72000
1695836989234 0.5 76000
1695837036145 0.5 80000
1695837083479 0.5 84000
1695837129777 0.5 88000
1695837177337 0.5 92000
1695837225562 0.5 96000
1695837273112 0.5 100000
1695837319401 0.5 104000
1695837366138 0.5 108000
1695837413659 0.5 112000
1695837464528 0.5 116000
1695837514721 0.5 120000
1695837563533 0.5 124000
1695837610711 0.5 128000
1695837658432 0.5 132000
1695837706150 0.5 136000
1695837753648 0.5 140000
1695837803827 0.5 144000
1695837852216 0.5 148000
1695837899984 0.5 152000
1695837947157 0.5 156000
1695837994068 0.5 160000
1695838041604 0.5 164000
1695838089700 0.5 168000
1695838138773 0.5 172000
1695838190626 0.5 176000
