1695836126053 1.0 4000
1695836171569 1.0 8000
1695836219023 1.0 12000
1695836266661 1.0 16000
1695836314237 1.0 20000
1695836360728 1.0 24000
1695836418034 1.0 28000
1695836468678 1.0 32000
1695836516458 1.0 36000
1695836563080 1.0 40000
1695836609926 1.0 44000
1695836657228 1.0 48000
1695836704776 1.0 52000
1695836751659 1.0 56000
1695836798842 1.0 60000
1695836847097 1.0 64000
1695836894741 1.0 68000
1695836941929 1.0 72000
1695836989203 1.0 76000
1695837036129 1.0 80000
1695837083461 1.0 84000
1695837129761 1.0 88000
1695837177306 1.0 92000
1695837225532 1.0 96000
1695837273088 1.0 100000
1695837319370 1.0 104000
1695837366123 1.0 108000
1695837413641 1.0 112000
1695837464496 1.0 116000
1695837514699 1.0 120000
1695837563518 1.0 124000
1695837610694 1.0 128000
1695837658417 1.0 132000
1695837706127 1.0 136000
1695837753629 1.0 140000
1695837803812 1.0 144000
1695837852185 1.0 148000
1695837899953 1.0 152000
1695837947140 1.0 156000
1695837994035 1.0 160000
1695838041588 1.0 164000
1695838089685 1.0 168000
1695838138757 1.0 172000
1695838190599 1.0 176000
