1695832399252 0.0 4000
1695832444991 0.0 8000
1695832489553 0.0 12000
1695832536861 0.0 16000
1695832583862 0.0 20000
1695832630940 0.0 24000
1695832679465 0.0 28000
1695832726503 0.0 32000
1695832772746 0.0 36000
1695832820011 0.0 40000
1695832867765 0.0 44000
1695832915118 0.0 48000
1695832962145 0.0 52000
1695833010491 0.0 56000
1695833058381 0.0 60000
1695833105331 0.0 64000
1695833151603 0.0 68000
1695833197990 0.0 72000
1695833244470 0.0 76000
1695833290595 0.0 80000
1695833336820 0.0 84000
1695833383381 0.0 88000
1695833431250 0.0 92000
1695833480041 0.0 96000
1695833527544 0.0 100000
1695833575241 0.0 104000
1695833621983 0.0 108000
1695833668598 0.0 112000
1695833716494 0.0 116000
1695833763130 0.0 120000
1695833809989 0.0 124000
1695833857676 0.0 128000
1695833906402 0.0 132000
1695833954045 0.0 136000
1695834000569 0.0 140000
1695834047742 0.0 144000
1695834094344 0.0 148000
1695834141830 0.0 152000
1695834188673 0.0 156000
1695834235335 0.0 160000
1695834282227 0.0 164000
