1695832399229 nan 4000
1695832444989 nan 8000
1695832489537 1041.0 12000
1695832536846 1175.0 16000
1695832583846 1175.0 20000
1695832630924 1126.6153846153845 24000
1695832679447 1185.047619047619 28000
1695832726485 1185.047619047619 32000
1695832772731 1167.16 36000
1695832819995 1159.03125 40000
1695832867749 1159.03125 44000
1695832915102 1154.3333333333333 48000
1695832962119 1163.0975609756097 52000
1695833010475 1165.8809523809523 56000
1695833058364 1159.3111111111111 60000
1695833105316 1172.686274509804 64000
1695833151587 1165.301886792453 68000
1695833197973 1156.1052631578948 72000
1695833244455 1150.327868852459 76000
1695833290579 1145.90625 80000
1695833336804 1150.072463768116 84000
1695833383366 1128.2027027027027 88000
1695833431235 1125.5324675324675 92000
1695833480022 1123.95 96000
1695833527528 1122.719512195122 100000
1695833575223 1131.7586206896551 104000
1695833621968 1121.7717391304348 108000
1695833668582 1125.1382978723404 112000
1695833716476 1129.9278350515465 116000
1695833763115 1134.43 120000
1695833809973 1136.82 124000
1695833857659 1141.37 128000
1695833906402 1141.37 132000
1695833954028 1146.37 136000
1695834000554 1147.52 140000
1695834047726 1127.92 144000
1695834094328 1123.8 148000
1695834141814 1123.8 152000
1695834188657 1134.3 156000
1695834235319 1133.62 160000
1695834282212 1130.7 164000
