1695832399225 nan 4000
1695832444974 nan 8000
1695832489537 1.3680468750000068 12000
1695832536846 2.0603461050000065 16000
1695832583846 2.0603461050000065 20000
1695832630920 2.0603461050000065 24000
1695832679431 2.0603461050000065 28000
1695832726470 2.0603461050000065 32000
1695832772715 2.1522244878161914 36000
1695832819995 2.783215864442597 40000
1695832867749 2.783215864442597 44000
1695832915102 2.783215864442597 48000
1695832962119 2.783215864442597 52000
1695833010472 2.783215864442597 56000
1695833058348 2.783215864442597 60000
1695833105300 2.783215864442597 64000
1695833151587 2.783215864442597 68000
1695833197973 2.783215864442597 72000
1695833244455 2.783215864442597 76000
1695833290579 2.783215864442597 80000
1695833336789 2.783215864442597 84000
1695833383349 2.783215864442597 88000
1695833431235 2.783215864442597 92000
1695833480022 2.783215864442597 96000
1695833527528 2.783215864442597 100000
1695833575220 2.783215864442597 104000
1695833621965 2.783215864442597 108000
1695833668578 2.783215864442597 112000
1695833716473 2.783215864442597 116000
1695833763111 2.783215864442597 120000
1695833809970 2.783215864442597 124000
1695833857656 2.783215864442597 128000
1695833906399 2.783215864442597 132000
1695833954024 2.783215864442597 136000
1695834000551 2.783215864442597 140000
1695834047723 2.783215864442597 144000
1695834094324 2.783215864442597 148000
1695834141811 2.783215864442597 152000
1695834188654 2.7702783644425955 156000
1695834235316 2.7702783644425955 160000
1695834282209 2.7702783644425955 164000
