1695832399227 nan 4000
1695832444974 nan 8000
1695832489537 1.3680468750000068 12000
1695832536846 -0.32700000000000023 16000
1695832583846 -0.32700000000000023 20000
1695832630924 -0.32700000000000023 24000
1695832679431 -0.32700000000000023 28000
1695832726470 -0.32700000000000023 32000
1695832772731 -0.32700000000000023 36000
1695832819995 -0.32700000000000023 40000
1695832867749 -0.32700000000000023 44000
1695832915102 -0.32700000000000023 48000
1695832962119 -0.32700000000000023 52000
1695833010473 -0.32700000000000023 56000
1695833058348 -0.32700000000000023 60000
1695833105316 -0.32700000000000023 64000
1695833151587 -0.32700000000000023 68000
1695833197973 -0.32700000000000023 72000
1695833244455 -0.32700000000000023 76000
1695833290579 -0.32700000000000023 80000
1695833336804 -0.32700000000000023 84000
1695833383349 -0.32700000000000023 88000
1695833431235 -0.32700000000000023 92000
1695833480022 -0.32700000000000023 96000
1695833527528 -0.32700000000000023 100000
1695833575221 -0.32700000000000023 104000
1695833621966 -0.32700000000000023 108000
1695833668580 -0.32700000000000023 112000
1695833716474 -0.32700000000000023 116000
1695833763113 -0.32700000000000023 120000
1695833809972 -0.32700000000000023 124000
1695833857657 -0.2980000000000002 128000
1695833906400 -0.2980000000000002 132000
1695833954026 -0.2770000000000002 136000
1695834000552 0.6857586233735772 140000
1695834047724 0.6857586233735772 144000
1695834094325 0.6857586233735772 148000
1695834141812 0.6857586233735772 152000
1695834188655 0.6857586233735772 156000
1695834235317 0.6857586233735772 160000
1695834282210 0.6857586233735772 164000
