1695832399253 0.0 4000
1695832445006 0.0 8000
1695832489553 1.0 12000
1695832536861 11.0 16000
1695832583862 11.0 20000
1695832630940 13.0 24000
1695832679466 21.0 28000
1695832726503 21.0 32000
1695832772746 25.0 36000
1695832820027 32.0 40000
1695832867765 32.0 44000
1695832915118 36.0 48000
1695832962146 41.0 52000
1695833010492 42.0 56000
1695833058381 45.0 60000
1695833105331 51.0 64000
1695833151603 53.0 68000
1695833197990 57.0 72000
1695833244486 61.0 76000
1695833290595 64.0 80000
1695833336820 69.0 84000
1695833383381 74.0 88000
1695833431250 77.0 92000
1695833480041 80.0 96000
1695833527544 82.0 100000
1695833575242 87.0 104000
1695833621984 92.0 108000
1695833668599 94.0 112000
1695833716495 97.0 116000
1695833763130 100.0 120000
1695833809990 103.0 124000
1695833857677 108.0 128000
1695833906418 109.0 132000
1695833954046 112.0 136000
1695834000570 118.0 140000
1695834047743 122.0 144000
1695834094345 125.0 148000
1695834141831 129.0 152000
1695834188674 131.0 156000
1695834235336 136.0 160000
1695834282228 140.0 164000
