1695832399230 0.0 4000
1695832444991 0.0 8000
1695832489537 1.0 12000
1695832536846 10.0 16000
1695832583846 0.0 20000
1695832630924 2.0 24000
1695832679449 8.0 28000
1695832726485 0.0 32000
1695832772731 4.0 36000
1695832819995 7.0 40000
1695832867749 0.0 44000
1695832915102 4.0 48000
1695832962119 5.0 52000
1695833010476 1.0 56000
1695833058364 3.0 60000
1695833105316 6.0 64000
1695833151587 2.0 68000
1695833197989 4.0 72000
1695833244470 4.0 76000
1695833290579 3.0 80000
1695833336804 5.0 84000
1695833383366 5.0 88000
1695833431235 3.0 92000
1695833480022 3.0 96000
1695833527528 2.0 100000
1695833575223 5.0 104000
1695833621969 5.0 108000
1695833668583 2.0 112000
1695833716477 3.0 116000
1695833763116 3.0 120000
1695833809974 3.0 124000
1695833857660 5.0 128000
1695833906402 1.0 132000
1695833954028 3.0 136000
1695834000555 6.0 140000
1695834047727 4.0 144000
1695834094328 3.0 148000
1695834141815 4.0 152000
1695834188658 2.0 156000
1695834235320 5.0 160000
1695834282213 4.0 164000
