1695832399228 nan 4000
1695832444974 nan 8000
1695832489537 1.3680468750000068 12000
1695832536846 0.7079357995454622 16000
1695832583846 0.7079357995454622 20000
1695832630924 0.7497896669230841 24000
1695832679431 0.8770578464402702 28000
1695832726485 0.8770578464402702 32000
1695832772731 1.0324988840604183 36000
1695832819995 1.130943879844812 40000
1695832867749 1.130943879844812 44000
1695832915102 1.2017254925360499 48000
1695832962119 1.237822549887287 52000
1695833010474 1.249295661504642 56000
1695833058364 1.2756333564971427 60000
1695833105316 1.3121606219464437 64000
1695833151587 1.339092704179763 68000
1695833197973 1.377418563996355 72000
1695833244455 1.4025062475255248 76000
1695833290579 1.4191009501954 80000
1695833336804 1.4305974474867624 84000
1695833383365 1.4683429400765882 88000
1695833431235 1.480171726027482 92000
1695833480022 1.4902268295945587 96000
1695833527528 1.501506266285133 100000
1695833575223 1.5084710347639305 104000
1695833621967 1.5301616857627096 108000
1695833668581 1.533832569848954 112000
1695833716475 1.53406537401289 116000
1695833763114 1.525834209926989 120000
1695833809973 1.5305923561170485 124000
1695833857658 1.5640316271578576 128000
1695833906401 1.5811185595360198 132000
1695833954028 1.6081703956205053 136000
1695834000553 1.655603251231448 140000
1695834047725 1.689165952221507 144000
1695834094326 1.6864028272215068 148000
1695834141813 1.7053116733659337 152000
1695834188656 1.69587644709967 156000
1695834235318 1.709644572099679 160000
1695834282211 1.7138376970996791 164000
