1695832399262 1.0 4000
1695832445006 2.0 8000
1695832489568 3.0 12000
1695832536877 4.0 16000
1695832583862 5.0 20000
1695832630940 6.0 24000
1695832679466 7.0 28000
1695832726503 8.0 32000
1695832772746 9.0 36000
1695832820027 10.0 40000
1695832867781 11.0 44000
1695832915133 12.0 48000
1695832962166 13.0 52000
1695833010499 14.0 56000
1695833058381 15.0 60000
1695833105347 16.0 64000
1695833151603 17.0 68000
1695833198006 18.0 72000
1695833244486 19.0 76000
1695833290595 20.0 80000
1695833336820 21.0 84000
1695833383381 22.0 88000
1695833431266 23.0 92000
1695833480041 24.0 96000
1695833527555 25.0 100000
1695833575249 26.0 104000
1695833621992 27.0 108000
1695833668606 28.0 112000
1695833716502 29.0 116000
1695833763138 30.0 120000
1695833809997 31.0 124000
1695833857685 32.0 128000
1695833906426 33.0 132000
1695833954054 34.0 136000
1695834000578 35.0 140000
1695834047750 36.0 144000
1695834094352 37.0 148000
1695834141838 38.0 152000
1695834188681 39.0 156000
1695834235344 40.0 160000
1695834282235 41.0 164000
