1695832399234 0.0 4000
1695832444991 0.0 8000
1695832489537 0.0 12000
1695832536861 0.0 16000
1695832583846 0.0 20000
1695832630924 0.0 24000
1695832679449 0.0 28000
1695832726485 0.0 32000
1695832772731 0.0 36000
1695832819995 0.0 40000
1695832867765 0.0 44000
1695832915118 0.0 48000
1695832962119 0.0 52000
1695833010479 0.0 56000
1695833058364 0.0 60000
1695833105316 0.0 64000
1695833151587 0.0 68000
1695833197990 0.0 72000
1695833244470 0.0 76000
1695833290579 0.0 80000
1695833336804 0.0 84000
1695833383366 0.0 88000
1695833431235 0.0 92000
1695833480022 0.0 96000
1695833527528 0.0 100000
1695833575223 0.0 104000
1695833621971 0.0 108000
1695833668586 0.0 112000
1695833716481 0.0 116000
1695833763118 0.0 120000
1695833809977 0.0 124000
1695833857662 0.0 128000
1695833906402 0.0 132000
1695833954028 0.0 136000
1695834000557 0.0 140000
1695834047730 0.0 144000
1695834094332 0.0 148000
1695834141818 0.0 152000
1695834188661 0.0 156000
1695834235323 0.0 160000
1695834282216 0.0 164000
