1695832399239 4000.0 4000
1695832444991 8000.0 8000
1695832489553 12000.0 12000
1695832536861 16000.0 16000
1695832583846 20000.0 20000
1695832630924 24000.0 24000
1695832679449 28000.0 28000
1695832726485 32000.0 32000
1695832772731 36000.0 36000
1695832820011 40000.0 40000
1695832867765 44000.0 44000
1695832915118 48000.0 48000
1695832962119 52000.0 52000
1695833010483 56000.0 56000
1695833058364 60000.0 60000
1695833105316 64000.0 64000
1695833151601 68000.0 68000
1695833197990 72000.0 72000
1695833244470 76000.0 76000
1695833290579 80000.0 80000
1695833336811 84000.0 84000
1695833383366 88000.0 88000
1695833431250 92000.0 92000
1695833480022 96000.0 96000
1695833527528 100000.0 100000
1695833575223 104000.0 104000
1695833621976 108000.0 108000
1695833668591 112000.0 112000
1695833716486 116000.0 116000
1695833763123 120000.0 120000
1695833809981 124000.0 124000
1695833857667 128000.0 128000
1695833906402 132000.0 132000
1695833954028 136000.0 136000
1695834000562 140000.0 140000
1695834047735 144000.0 144000
1695834094337 148000.0 148000
1695834141822 152000.0 152000
1695834188666 156000.0 156000
1695834235327 160000.0 160000
1695834282220 164000.0 164000
