1695832399245 4000.0 4000
1695832444991 4000.0 8000
1695832489553 4000.0 12000
1695832536861 4000.0 16000
1695832583846 4000.0 20000
1695832630924 4000.0 24000
1695832679449 4000.0 28000
1695832726497 4000.0 32000
1695832772731 4000.0 36000
1695832820011 4000.0 40000
1695832867765 4000.0 44000
1695832915118 4000.0 48000
1695832962119 4000.0 52000
1695833010486 4000.0 56000
1695833058364 4000.0 60000
1695833105316 4000.0 64000
1695833151601 4000.0 68000
1695833197990 4000.0 72000
1695833244470 4000.0 76000
1695833290579 4000.0 80000
1695833336811 4000.0 84000
1695833383366 4000.0 88000
1695833431250 4000.0 92000
1695833480022 4000.0 96000
1695833527528 4000.0 100000
1695833575223 4000.0 104000
1695833621978 4000.0 108000
1695833668593 4000.0 112000
1695833716488 4000.0 116000
1695833763125 4000.0 120000
1695833809983 4000.0 124000
1695833857670 4000.0 128000
1695833906402 4000.0 132000
1695833954028 4000.0 136000
1695834000564 4000.0 140000
1695834047736 4000.0 144000
1695834094339 4000.0 148000
1695834141824 4000.0 152000
1695834188667 4000.0 156000
1695834235329 4000.0 160000
1695834282222 4000.0 164000
