1695832399246 94.53152880300341 4000
1695832444991 89.38667734966762 8000
1695832489553 91.61295480165398 12000
1695832536861 86.55039633607592 16000
1695832583846 87.26253856735315 20000
1695832630924 87.6338951319567 24000
1695832679449 84.7732592858696 28000
1695832726497 87.52637456505137 32000
1695832772731 89.25031488033461 36000
1695832820011 87.12001639042018 40000
1695832867765 86.66963389806644 44000
1695832915118 87.12866881587514 48000
1695832962119 87.83762509135084 52000
1695833010487 86.03164690076098 56000
1695833058364 86.28502590407498 60000
1695833105316 88.0511300246373 64000
1695833151603 88.984119936214 68000
1695833197990 88.65735650111475 72000
1695833244470 88.602219775745 76000
1695833290579 89.61403145480912 80000
1695833336811 89.07195097303389 84000
1695833383366 88.51591371864511 88000
1695833431250 86.34874002098674 92000
1695833480022 84.60032074590694 96000
1695833527528 86.88638594088759 100000
1695833575223 86.48490245479675 104000
1695833621979 89.29855327294837 108000
1695833668593 89.1555122389328 112000
1695833716489 88.20091367967571 116000
1695833763125 89.15071026594116 120000
1695833809984 88.18921219967267 124000
1695833857671 87.62099683950115 128000
1695833906402 85.21566378538627 132000
1695833954028 88.20332724406823 136000
1695834000565 89.54411806768086 140000
1695834047737 87.54995408891925 144000
1695834094339 89.01902136951642 148000
1695834141825 88.6770884927068 152000
1695834188668 88.75364684341194 156000
1695834235330 89.50461113262554 160000
1695834282223 88.86501859252918 164000
