1695832399250 4000.0 4000
1695832444991 4000.0 8000
1695832489553 4000.0 12000
1695832536861 4000.0 16000
1695832583862 4000.0 20000
1695832630940 4000.0 24000
1695832679449 4000.0 28000
1695832726497 4000.0 32000
1695832772746 4000.0 36000
1695832820011 4000.0 40000
1695832867765 4000.0 44000
1695832915118 4000.0 48000
1695832962141 4000.0 52000
1695833010489 4000.0 56000
1695833058379 4000.0 60000
1695833105331 4000.0 64000
1695833151603 4000.0 68000
1695833197990 4000.0 72000
1695833244470 4000.0 76000
1695833290595 4000.0 80000
1695833336820 4000.0 84000
1695833383366 4000.0 88000
1695833431250 4000.0 92000
1695833480039 4000.0 96000
1695833527544 4000.0 100000
1695833575239 4000.0 104000
1695833621981 4000.0 108000
1695833668596 4000.0 112000
1695833716492 4000.0 116000
1695833763128 4000.0 120000
1695833809987 4000.0 124000
1695833857673 4000.0 128000
1695833906402 4000.0 132000
1695833954043 4000.0 136000
1695834000567 4000.0 140000
1695834047740 4000.0 144000
1695834094342 4000.0 148000
1695834141828 4000.0 152000
1695834188671 4000.0 156000
1695834235333 4000.0 160000
1695834282226 4000.0 164000
