1695832399233 10.0 4000
1695832444991 10.0 8000
1695832489537 10.0 12000
1695832536846 10.0 16000
1695832583846 10.0 20000
1695832630924 10.0 24000
1695832679449 10.0 28000
1695832726485 10.0 32000
1695832772731 10.0 36000
1695832819995 10.0 40000
1695832867765 10.0 44000
1695832915118 10.0 48000
1695832962119 10.0 52000
1695833010478 10.0 56000
1695833058364 10.0 60000
1695833105316 10.0 64000
1695833151587 10.0 68000
1695833197990 10.0 72000
1695833244470 10.0 76000
1695833290579 10.0 80000
1695833336804 10.0 84000
1695833383366 10.0 88000
1695833431235 10.0 92000
1695833480022 10.0 96000
1695833527528 10.0 100000
1695833575223 10.0 104000
1695833621971 10.0 108000
1695833668585 10.0 112000
1695833716480 10.0 116000
1695833763118 10.0 120000
1695833809976 10.0 124000
1695833857662 10.0 128000
1695833906402 10.0 132000
1695833954028 10.0 136000
1695834000556 10.0 140000
1695834047729 10.0 144000
1695834094332 10.0 148000
1695834141817 10.0 152000
1695834188660 10.0 156000
1695834235322 10.0 160000
1695834282215 10.0 164000
