1695832399260 8244.0 4000
1695832445006 8244.0 8000
1695832489568 8244.0 12000
1695832536877 8244.0 16000
1695832583862 8244.0 20000
1695832630940 8244.0 24000
1695832679466 8244.0 28000
1695832726503 8244.0 32000
1695832772746 8244.0 36000
1695832820027 8244.0 40000
1695832867781 8244.0 44000
1695832915133 8244.0 48000
1695832962161 8244.0 52000
1695833010497 8244.0 56000
1695833058381 8244.0 60000
1695833105331 8244.0 64000
1695833151603 8244.0 68000
1695833198006 8244.0 72000
1695833244486 8244.0 76000
1695833290595 8244.0 80000
1695833336820 8244.0 84000
1695833383381 8244.0 88000
1695833431266 8244.0 92000
1695833480041 8244.0 96000
1695833527544 8244.0 100000
1695833575247 8244.0 104000
1695833621990 8244.0 108000
1695833668604 8244.0 112000
1695833716500 8244.0 116000
1695833763136 8244.0 120000
1695833809995 8244.0 124000
1695833857683 8244.0 128000
1695833906423 8244.0 132000
1695833954052 8244.0 136000
1695834000576 8244.0 140000
1695834047748 8244.0 144000
1695834094350 8244.0 148000
1695834141837 8244.0 152000
1695834188679 8244.0 156000
1695834235341 8244.0 160000
1695834282234 8244.0 164000
