1695832399258 42.317880392074585 4000
1695832445006 44.74939799308777 8000
1695832489553 43.66194725036621 12000
1695832536877 46.215848445892334 16000
1695832583862 45.843305349349976 20000
1695832630940 45.64443922042847 24000
1695832679466 47.18469047546387 28000
1695832726503 45.70051050186157 32000
1695832772746 44.83349919319153 36000
1695832820027 45.913673639297485 40000
1695832867781 46.15226602554321 44000
1695832915133 45.92250657081604 48000
1695832962156 45.53857183456421 52000
1695833010496 46.49951434135437 56000
1695833058381 46.36549210548401 60000
1695833105331 45.42815065383911 64000
1695833151603 44.96754217147827 68000
1695833198006 45.11751937866211 72000
1695833244486 45.14559578895569 76000
1695833290595 44.652894020080566 80000
1695833336820 44.915125370025635 84000
1695833383381 45.20263385772705 88000
1695833431250 46.331382036209106 92000
1695833480041 47.28817343711853 96000
1695833527544 46.03838801383972 100000
1695833575246 46.25784158706665 104000
1695833621988 44.802085638046265 108000
1695833668602 44.873470067977905 112000
1695833716498 45.35898685455322 116000
1695833763134 44.87593865394592 120000
1695833809994 45.36401700973511 124000
1695833857681 45.66021966934204 128000
1695833906421 46.94671320915222 132000
1695833954051 45.35676169395447 136000
1695834000574 44.67863631248474 140000
1695834047746 45.69725012779236 144000
1695834094348 44.941216230392456 148000
1695834141835 45.11601543426514 152000
1695834188678 45.07556629180908 156000
1695834235339 44.69743299484253 160000
1695834282232 45.02003788948059 164000
