1695832399257 1695832399.0 4000
1695832445006 1695832444.0 8000
1695832489553 1695832488.0 12000
1695832536877 1695832536.0 16000
1695832583862 1695832582.0 20000
1695832630940 1695832629.0 24000
1695832679466 1695832678.0 28000
1695832726503 1695832725.0 32000
1695832772746 1695832771.0 36000
1695832820027 1695832818.0 40000
1695832867781 1695832866.0 44000
1695832915133 1695832913.0 48000
1695832962154 1695832960.0 52000
1695833010495 1695833008.0 56000
1695833058381 1695833057.0 60000
1695833105331 1695833104.0 64000
1695833151603 1695833150.0 68000
1695833198006 1695833196.0 72000
1695833244486 1695833243.0 76000
1695833290595 1695833289.0 80000
1695833336820 1695833335.0 84000
1695833383381 1695833382.0 88000
1695833431250 1695833429.0 92000
1695833480041 1695833478.0 96000
1695833527544 1695833526.0 100000
1695833575245 1695833574.0 104000
1695833621987 1695833620.0 108000
1695833668602 1695833667.0 112000
1695833716497 1695833714.0 116000
1695833763133 1695833761.0 120000
1695833809993 1695833808.0 124000
1695833857680 1695833855.0 128000
1695833906421 1695833904.0 132000
1695833954050 1695833952.0 136000
1695834000573 1695833999.0 140000
1695834047745 1695834046.0 144000
1695834094347 1695834092.0 148000
1695834141834 1695834139.0 152000
1695834188677 1695834187.0 156000
1695834235338 1695834233.0 160000
1695834282231 1695834280.0 164000
