1695832399261 42.317880392074585 4000
1695832445006 87.06727838516235 8000
1695832489568 130.72922563552856 12000
1695832536877 176.9450740814209 16000
1695832583862 222.78837943077087 20000
1695832630940 268.43281865119934 24000
1695832679466 315.6175091266632 28000
1695832726503 361.3180196285248 32000
1695832772746 406.1515188217163 36000
1695832820027 452.0651924610138 40000
1695832867781 498.217458486557 44000
1695832915133 544.139965057373 48000
1695832962164 589.6785368919373 52000
1695833010498 636.1780512332916 56000
1695833058381 682.5435433387756 60000
1695833105331 727.9716939926147 64000
1695833151603 772.939236164093 68000
1695833198006 818.0567555427551 72000
1695833244486 863.2023513317108 76000
1695833290595 907.8552453517914 80000
1695833336820 952.770370721817 84000
1695833383381 997.9730045795441 88000
1695833431266 1044.3043866157532 92000
1695833480041 1091.5925600528717 96000
1695833527544 1137.6309480667114 100000
1695833575248 1183.888789653778 104000
1695833621991 1228.6908752918243 108000
1695833668605 1273.5643453598022 112000
1695833716501 1318.9233322143555 116000
1695833763137 1363.7992708683014 120000
1695833809996 1409.1632878780365 124000
1695833857684 1454.8235075473785 128000
1695833906424 1501.7702207565308 132000
1695833954053 1547.1269824504852 136000
1695834000577 1591.80561876297 140000
1695834047749 1637.5028688907623 144000
1695834094351 1682.4440851211548 148000
1695834141838 1727.56010055542 152000
1695834188680 1772.635666847229 156000
1695834235342 1817.3330998420715 160000
1695834282234 1862.3531377315521 164000
