1695832399254 1.0 4000
1695832445006 2.0 8000
1695832489553 3.0 12000
1695832536861 4.0 16000
1695832583862 5.0 20000
1695832630940 6.0 24000
1695832679466 7.0 28000
1695832726503 8.0 32000
1695832772746 9.0 36000
1695832820027 10.0 40000
1695832867765 11.0 44000
1695832915133 12.0 48000
1695832962150 13.0 52000
1695833010493 14.0 56000
1695833058381 15.0 60000
1695833105331 16.0 64000
1695833151603 17.0 68000
1695833197990 18.0 72000
1695833244486 19.0 76000
1695833290595 20.0 80000
1695833336820 21.0 84000
1695833383381 22.0 88000
1695833431250 23.0 92000
1695833480041 24.0 96000
1695833527544 25.0 100000
1695833575243 26.0 104000
1695833621986 27.0 108000
1695833668600 28.0 112000
1695833716495 29.0 116000
1695833763131 30.0 120000
1695833809991 31.0 124000
1695833857678 32.0 128000
1695833906419 33.0 132000
1695833954047 34.0 136000
1695834000571 35.0 140000
1695834047744 36.0 144000
1695834094346 37.0 148000
1695834141832 38.0 152000
1695834188675 39.0 156000
1695834235336 40.0 160000
1695834282229 41.0 164000
