1695832399256 inf 4000
1695832445006 inf 8000
1695832489553 inf 12000
1695832536861 inf 16000
1695832583862 inf 20000
1695832630940 inf 24000
1695832679466 inf 28000
1695832726503 inf 32000
1695832772746 inf 36000
1695832820027 inf 40000
1695832867781 inf 44000
1695832915133 inf 48000
1695832962151 inf 52000
1695833010494 inf 56000
1695833058381 inf 60000
1695833105331 inf 64000
1695833151603 inf 68000
1695833198006 inf 72000
1695833244486 inf 76000
1695833290595 inf 80000
1695833336820 inf 84000
1695833383381 inf 88000
1695833431250 inf 92000
1695833480041 inf 96000
1695833527544 inf 100000
1695833575244 inf 104000
1695833621986 inf 108000
1695833668601 inf 112000
1695833716496 inf 116000
1695833763132 inf 120000
1695833809992 inf 124000
1695833857679 inf 128000
1695833906419 inf 132000
1695833954049 inf 136000
1695834000572 inf 140000
1695834047745 inf 144000
1695834094347 inf 148000
1695834141833 inf 152000
1695834188676 inf 156000
1695834235337 inf 160000
1695834282230 inf 164000
