1695832399454 0.0 4000
1695832445177 0.0 8000
1695832489822 0.0 12000
1695832537099 0.0 16000
1695832584100 0.0 20000
1695832631196 0.0 24000
1695832679704 0.0 28000
1695832726741 0.0 32000
1695832772987 0.0 36000
1695832820254 0.0 40000
1695832868035 0.0 44000
1695832915372 0.0 48000
1695832962437 0.0 52000
1695833010729 0.0 56000
1695833058650 0.0 60000
1695833105571 0.0 64000
1695833151841 0.0 68000
1695833198247 0.0 72000
1695833244725 0.0 76000
1695833290834 0.0 80000
1695833337073 0.0 84000
1695833383620 0.0 88000
1695833431512 0.0 92000
1695833480289 0.0 96000
1695833527784 0.0 100000
1695833575500 0.0 104000
1695833622232 0.0 108000
1695833668838 0.0 112000
1695833716733 0.0 116000
1695833763377 0.0 120000
1695833810226 0.0 124000
1695833857972 0.0 128000
1695833906662 0.0 132000
1695833954294 0.0 136000
1695834000815 0.0 140000
1695834047985 0.0 144000
1695834094587 0.0 148000
1695834142065 0.0 152000
1695834188914 0.0 156000
1695834235572 0.0 160000
1695834282471 0.0 164000
