1695832399458 5.0000000000000016e-05 4000
1695832445179 5.0000000000000016e-05 8000
1695832489822 5.0000000000000016e-05 12000
1695832537115 5.0000000000000016e-05 16000
1695832584100 5.0000000000000016e-05 20000
1695832631196 5.0000000000000016e-05 24000
1695832679713 5.0000000000000016e-05 28000
1695832726757 5.0000000000000016e-05 32000
1695832772994 5.0000000000000016e-05 36000
1695832820269 5.0000000000000016e-05 40000
1695832868035 5.0000000000000016e-05 44000
1695832915372 5.0000000000000016e-05 48000
1695832962437 5.0000000000000016e-05 52000
1695833010731 5.0000000000000016e-05 56000
1695833058650 5.0000000000000016e-05 60000
1695833105586 5.0000000000000016e-05 64000
1695833151841 5.0000000000000016e-05 68000
1695833198251 5.0000000000000016e-05 72000
1695833244725 5.0000000000000016e-05 76000
1695833290834 5.0000000000000016e-05 80000
1695833337073 5.0000000000000016e-05 84000
1695833383636 5.0000000000000016e-05 88000
1695833431515 5.0000000000000016e-05 92000
1695833480289 5.0000000000000016e-05 96000
1695833527784 5.0000000000000016e-05 100000
1695833575502 5.0000000000000016e-05 104000
1695833622234 5.0000000000000016e-05 108000
1695833668841 5.0000000000000016e-05 112000
1695833716736 5.0000000000000016e-05 116000
1695833763379 5.0000000000000016e-05 120000
1695833810228 5.0000000000000016e-05 124000
1695833857975 5.0000000000000016e-05 128000
1695833906665 5.0000000000000016e-05 132000
1695833954297 5.0000000000000016e-05 136000
1695834000818 5.0000000000000016e-05 140000
1695834047988 5.0000000000000016e-05 144000
1695834094591 5.0000000000000016e-05 148000
1695834142067 5.0000000000000016e-05 152000
1695834188916 5.0000000000000016e-05 156000
1695834235574 5.0000000000000016e-05 160000
1695834282473 5.0000000000000016e-05 164000
