1695832399457 0.20000000000000004 4000
1695832445178 0.20000000000000004 8000
1695832489822 0.20000000000000004 12000
1695832537115 0.20000000000000004 16000
1695832584100 0.20000000000000004 20000
1695832631196 0.20000000000000004 24000
1695832679713 0.20000000000000004 28000
1695832726757 0.20000000000000004 32000
1695832772993 0.20000000000000004 36000
1695832820269 0.20000000000000004 40000
1695832868035 0.20000000000000004 44000
1695832915372 0.20000000000000004 48000
1695832962437 0.20000000000000004 52000
1695833010731 0.20000000000000004 56000
1695833058650 0.20000000000000004 60000
1695833105586 0.20000000000000004 64000
1695833151841 0.20000000000000004 68000
1695833198251 0.20000000000000004 72000
1695833244725 0.20000000000000004 76000
1695833290834 0.20000000000000004 80000
1695833337073 0.20000000000000004 84000
1695833383636 0.20000000000000004 88000
1695833431514 0.20000000000000004 92000
1695833480289 0.20000000000000004 96000
1695833527784 0.20000000000000004 100000
1695833575501 0.20000000000000004 104000
1695833622233 0.20000000000000004 108000
1695833668840 0.20000000000000004 112000
1695833716735 0.20000000000000004 116000
1695833763379 0.20000000000000004 120000
1695833810227 0.20000000000000004 124000
1695833857974 0.20000000000000004 128000
1695833906664 0.20000000000000004 132000
1695833954296 0.29999999999999993 136000
1695834000817 0.29999999999999993 140000
1695834047987 0.29999999999999993 144000
1695834094590 0.29999999999999993 148000
1695834142067 0.29999999999999993 152000
1695834188916 0.29999999999999993 156000
1695834235573 0.4500000000000001 160000
1695834282473 0.4500000000000001 164000
