1695832399465 1.9350759581973156 4000
1695832445180 1.9211555872112513 8000
1695832489822 1.9074037830034891 12000
1695832537115 1.880086150765419 16000
1695832584100 1.857740516960621 20000
1695832631212 1.8318557331959406 24000
1695832679720 1.7897705602149168 28000
1695832726757 1.7622859187424182 32000
1695832773000 1.7524533706406753 36000
1695832820277 1.7020326546082893 40000
1695832868035 1.674141006792585 44000
1695832915372 1.626598163942496 48000
1695832962437 1.62792852781713 52000
1695833010737 1.5623286960025629 56000
1695833058666 1.565211350346605 60000
1695833105586 1.6100269921123982 64000
1695833151857 1.5222867696235578 68000
1695833198251 1.5123638384044171 72000
1695833244725 1.5230132871617874 76000
1695833290851 1.4821432250241438 80000
1695833337073 1.439052228629589 84000
1695833383636 1.4398747466504573 88000
1695833431521 1.4875314702590308 92000
1695833480304 1.4287078738212586 96000
1695833527784 1.4199828814715147 100000
1695833575509 1.3756484859933455 104000
1695833622240 1.3412031972159941 108000
1695833668847 1.2813421996931236 112000
1695833716741 1.3492200619230668 116000
1695833763385 1.2215578276664019 120000
1695833810234 1.2994642003128927 124000
1695833857983 1.2567960996801655 128000
1695833906670 1.3584241798768442 132000
1695833954304 1.3728378050029277 136000
1695834000823 1.3371133307615917 140000
1695834047993 1.3550622834513584 144000
1695834094596 1.350977210327983 148000
1695834142073 1.260960166528821 152000
1695834188921 1.2094358205795288 156000
1695834235580 1.1999628951152166 160000
1695834282479 0.9295253526419401 164000
