1695832399466 0.0010000000000000005 4000
1695832445180 0.0010000000000000005 8000
1695832489833 0.0010000000000000005 12000
1695832537115 0.0010000000000000005 16000
1695832584100 0.0010000000000000005 20000
1695832631212 0.0010000000000000005 24000
1695832679720 0.0010000000000000005 28000
1695832726757 0.0010000000000000005 32000
1695832773000 0.0010000000000000005 36000
1695832820277 0.0010000000000000005 40000
1695832868035 0.0010000000000000005 44000
1695832915372 0.0010000000000000005 48000
1695832962437 0.0010000000000000005 52000
1695833010738 0.0010000000000000005 56000
1695833058666 0.0010000000000000005 60000
1695833105586 0.0010000000000000005 64000
1695833151857 0.0010000000000000005 68000
1695833198251 0.0010000000000000005 72000
1695833244725 0.0010000000000000005 76000
1695833290851 0.0010000000000000005 80000
1695833337073 0.0010000000000000005 84000
1695833383636 0.0010000000000000005 88000
1695833431522 0.0010000000000000005 92000
1695833480305 0.0010000000000000005 96000
1695833527784 0.0010000000000000005 100000
1695833575510 0.0010000000000000005 104000
1695833622241 0.0010000000000000005 108000
1695833668848 0.0010000000000000005 112000
1695833716742 0.0010000000000000005 116000
1695833763386 0.0010000000000000005 120000
1695833810234 0.0010000000000000005 124000
1695833857984 0.0010000000000000005 128000
1695833906671 0.0010000000000000005 132000
1695833954305 0.0010000000000000005 136000
1695834000824 0.0010000000000000005 140000
1695834047994 0.0010000000000000005 144000
1695834094597 0.0010000000000000005 148000
1695834142073 0.0010000000000000005 152000
1695834188922 0.0010000000000000005 156000
1695834235580 0.0010000000000000005 160000
1695834282480 0.0010000000000000005 164000
