1695832399456 0.6095235734557112 4000
1695832445178 0.7291388329739372 8000
1695832489822 0.7896120635482172 12000
1695832537115 0.8835658540017903 16000
1695832584100 0.9578715658746659 20000
1695832631196 0.9958276902946334 24000
1695832679704 1.0133923063054682 28000
1695832726741 1.0557519283145667 32000
1695832772992 1.0387835261722407 36000
1695832820269 0.8471228922096391 40000
1695832868035 1.07743952088058 44000
1695832915372 1.0409482955311735 48000
1695832962437 1.0224892457636694 52000
1695833010730 1.1007963373636207 56000
1695833058650 1.0231852595849584 60000
1695833105586 1.2377242192626 64000
1695833151841 1.1887281949010988 68000
1695833198251 1.156344856104503 72000
1695833244725 1.2482548559705415 76000
1695833290834 1.2185710857622325 80000
1695833337073 1.3431898922969898 84000
1695833383636 1.2744541008025407 88000
1695833431513 1.257788956599931 92000
1695833480289 1.2149206853782137 96000
1695833527784 1.2062152018460135 100000
1695833575500 1.226697908124576 104000
1695833622233 1.0981213227535287 108000
1695833668839 1.2349282716711363 112000
1695833716734 1.3178114498655 116000
1695833763378 1.1915672249471148 120000
1695833810226 1.3058351654559375 124000
1695833857973 0.8968242192640901 128000
1695833906663 1.4539885812749465 132000
1695833954295 1.4281514519825578 136000
1695834000816 1.0106311216639976 140000
1695834047986 1.513731542446961 144000
1695834094588 1.395132544885079 148000
1695834142066 1.416809677829345 152000
1695834188915 1.3832264165083568 156000
1695834235573 1.4173692035178342 160000
1695834282472 1.2461367089611788 164000
