1695832399464 0.010900224446577974 4000
1695832445180 0.010207207625675877 8000
1695832489822 0.010987145857397766 12000
1695832537115 0.013719728890670998 16000
1695832584100 0.011629580444593514 20000
1695832631196 0.012462218256547397 24000
1695832679713 0.017560862398128 28000
1695832726757 0.015521167026893086 32000
1695832772999 0.013507396821339057 36000
1695832820269 0.012714400079666606 40000
1695832868035 0.013190728528107343 44000
1695832915372 0.015911439848532986 48000
1695832962437 0.008964706667178515 52000
1695833010736 0.011731006262483594 56000
1695833058666 0.008367260639743298 60000
1695833105586 0.013830835419975788 64000
1695833151857 0.010366895152403034 68000
1695833198251 0.009591366813584499 72000
1695833244725 0.010842033756753154 76000
1695833290851 0.013156788459493403 80000
1695833337073 0.011883648249197638 84000
1695833383636 0.009368542067981404 88000
1695833431520 0.01269262201844274 92000
1695833480289 0.009018559603441428 96000
1695833527784 0.010850686988975409 100000
1695833575507 0.012153670105866477 104000
1695833622239 0.008630827802685176 108000
1695833668846 0.015456590553420675 112000
1695833716741 0.011252172812892999 116000
1695833763384 0.013935496549887223 120000
1695833810233 0.01622851155137486 124000
1695833857982 0.007952959447128644 128000
1695833906669 0.020881645224458605 132000
1695833954303 0.010977646078440016 136000
1695834000823 0.006904712867496813 140000
1695834047993 0.00826826420259154 144000
1695834094595 0.010405269359546769 148000
1695834142072 0.0081322605451575 152000
1695834188920 0.03878743729932437 156000
1695834235579 0.007408343690472032 160000
1695834282478 0.005629298830029407 164000
