1695832399460 -0.01446592270125014 4000
1695832445180 -0.015366244189984475 8000
1695832489822 -0.016196832743783793 12000
1695832537115 -0.015660999192429397 16000
1695832584100 -0.019412070808175485 20000
1695832631196 -0.018760467462804322 24000
1695832679713 -0.024519201703272604 28000
1695832726757 -0.024802466016747834 32000
1695832772996 -0.015018448915119128 36000
1695832820269 -0.02062122448696755 40000
1695832868035 -0.0187262499021017 44000
1695832915372 -0.017879204506364963 48000
1695832962437 -0.016833669252810067 52000
1695833010733 -0.014949576854511785 56000
1695833058666 -0.01551868357079608 60000
1695833105586 -0.02204398530787633 64000
1695833151841 -0.015319535547071913 68000
1695833198251 -0.01911086411564611 72000
1695833244725 -0.015864358308317606 76000
1695833290834 -0.02177623274643944 80000
1695833337073 -0.019027396370559776 84000
1695833383636 -0.014658988531785629 88000
1695833431517 -0.021867272359183215 92000
1695833480289 -0.017211987466240922 96000
1695833527784 -0.023168322935816832 100000
1695833575504 -0.019009375973352387 104000
1695833622236 -0.012683818766769642 108000
1695833668844 -0.021224030345426095 112000
1695833716738 -0.020299338897651373 116000
1695833763381 -0.02759719715540996 120000
1695833810230 -0.02456127210292228 124000
1695833857979 -0.013189778279775055 128000
1695833906667 -0.024373149344561775 132000
1695833954299 -0.020169625094907436 136000
1695834000820 -0.01078657792628898 140000
1695834047990 -0.014413154846988619 144000
1695834094592 -0.017429542506336777 148000
1695834142069 -0.016690293552043538 152000
1695834188918 -0.0554509808360308 156000
1695834235576 -0.01437528360778136 160000
1695834282475 -0.007441344251371144 164000
