1695832399459 -0.004229613134035996 4000
1695832445180 -0.013830477416589323 8000
1695832489822 -0.015133183706954394 12000
1695832537115 -0.013560499543261054 16000
1695832584100 -0.018609776853918448 20000
1695832631196 -0.017387973365718304 24000
1695832679713 -0.02264458251132358 28000
1695832726757 -0.023399997173873997 32000
1695832772995 -0.013539881907005717 36000
1695832820269 -0.019237638194317695 40000
1695832868035 -0.01763261657494392 44000
1695832915372 -0.015616137039614841 48000
1695832962437 -0.0165393349294997 52000
1695833010732 -0.014131337708848453 56000
1695833058666 -0.014930747975389144 60000
1695833105586 -0.020781168955424315 64000
1695833151841 -0.014325837895739824 68000
1695833198251 -0.01801042824614948 72000
1695833244725 -0.014467794225371715 76000
1695833290834 -0.019953981386303592 80000
1695833337073 -0.01785518646611308 84000
1695833383636 -0.012555684803252613 88000
1695833431516 -0.020127997207358323 92000
1695833480289 -0.016344751844250518 96000
1695833527784 -0.022137572521023684 100000
1695833575503 -0.017866890481127485 104000
1695833622235 -0.011234670352617588 108000
1695833668842 -0.019219262587709333 112000
1695833716737 -0.01931662514349834 116000
1695833763380 -0.025996904509762924 120000
1695833810229 -0.022593135475957146 124000
1695833857977 -0.012670738028585522 128000
1695833906666 -0.021514350811533706 132000
1695833954298 -0.01822604577743429 136000
1695834000819 -0.01000974558883172 140000
1695834047989 -0.012019741422288158 144000
1695834094591 -0.015039202309465812 148000
1695834142068 -0.015259012277723135 152000
1695834188917 -0.044890319623906785 156000
1695834235575 -0.011727590986386835 160000
1695834282474 -0.0053836955945371304 164000
