1695832399462 -0.04568420369178057 4000
1695832445180 -0.5692288571968674 8000
1695832489822 -0.11508814711123705 12000
1695832537115 0.34208225533366204 16000
1695832584100 -0.4161110318576296 20000
1695832631196 0.24598759934306144 24000
1695832679713 0.16441099935521683 28000
1695832726757 -0.7588251102715731 32000
1695832772998 0.3864955975363652 36000
1695832820269 -0.09224743470549583 40000
1695832868035 -0.44532809512068827 44000
1695832915372 0.03408097438514233 48000
1695832962437 0.37350473223874964 52000
1695833010735 -0.03716500314573447 56000
1695833058666 0.2716448098421097 60000
1695833105586 0.26949657754351697 64000
1695833151857 0.36376018772522606 68000
1695833198251 0.40735374595969914 72000
1695833244725 0.4972346014653643 76000
1695833290851 0.43230523659537234 80000
1695833337073 0.5747583877295256 84000
1695833383636 0.5265056196600199 88000
1695833431519 0.40588014405220746 92000
1695833480289 0.5639245853448908 96000
1695833527784 0.3961022758235534 100000
1695833575507 0.057481691551705204 104000
1695833622238 0.5936975474779804 108000
1695833668845 0.6475789935638507 112000
1695833716740 0.675891418941319 116000
1695833763383 0.6562224376946688 120000
1695833810232 0.6692966119075815 124000
1695833857981 0.5173128686845303 128000
1695833906668 0.8697251421709855 132000
1695833954301 0.8213705218707522 136000
1695834000822 0.7891750168676178 140000
1695834047992 0.6266803030545512 144000
1695834094594 0.6447424854462346 148000
1695834142071 0.7203359817465146 152000
1695834188919 0.859449913414816 156000
1695834235578 0.4839286223674814 160000
1695834282477 0.42967428217331566 164000
