1695832399461 0.019982682186431098 4000
1695832445180 0.0028309630879448378 8000
1695832489822 0.0015472475353211243 12000
1695832537115 0.002473279530325575 16000
1695832584100 0.0006682357923030698 20000
1695832631196 0.0014238135065170355 24000
1695832679713 0.0003044351866113478 28000
1695832726757 0.00012104433983874211 32000
1695832772997 0.0010590823586426267 36000
1695832820269 0.001085477741420012 40000
1695832868035 0.0002592570454832336 44000
1695832915372 0.0014147553018119651 48000
1695832962437 0.00025864204644676647 52000
1695833010734 6.873279847354751e-05 56000
1695833058666 0.0009593889373415246 60000
1695833105586 0.00021335325056194657 64000
1695833151857 0.0008852117223947668 68000
1695833198251 0.0013890531483411906 72000
1695833244725 0.0015023425405767436 76000
1695833290850 0.0013460758839755726 80000
1695833337073 0.0004690657762845755 84000
1695833383636 0.0033389389846585496 88000
1695833431518 0.0013765639294736804 92000
1695833480289 0.0009844629244526004 96000
1695833527784 0.0005611924735300515 100000
1695833575506 0.000174801237316539 104000
1695833622237 0.0021283735826121606 108000
1695833668845 0.00038958558043304946 112000
1695833716739 0.00016299862463711178 116000
1695833763382 6.950276371545291e-05 120000
1695833810231 4.3798329644081e-05 124000
1695833857980 0.0003704888857782862 128000
1695833906667 8.178661549512375e-05 132000
1695833954300 4.624866352666383e-05 136000
1695834000821 8.506522976669355e-05 140000
1695834047991 0.0025359925589630923 144000
1695834094593 0.0012394746638468253 148000
1695834142070 0.000505126932633478 152000
1695834188919 0.0002677318859355182 156000
1695834235577 0.0010278031609686877 160000
1695834282476 0.0009079800665404037 164000
