1695832399384 38.0 4000
1695832445116 38.9234375 8000
1695832489711 37.93225806451613 12000
1695832537004 38.27121212121212 16000
1695832584004 37.86923076923077 20000
1695832631100 37.222727272727276 24000
1695832679613 37.54852941176471 28000
1695832726646 38.45303030303031 32000
1695832772890 37.459999999999994 36000
1695832820169 37.519696969696966 40000
1695832867941 37.64477611940299 44000
1695832915277 38.29242424242425 48000
1695832962318 38.33484848484848 52000
1695833010636 38.489705882352936 56000
1695833058523 38.180597014925375 60000
1695833105475 38.24242424242424 64000
1695833151746 37.90615384615385 68000
1695833198148 38.28461538461538 72000
1695833244629 37.938461538461546 76000
1695833290738 38.159375 80000
1695833336963 38.5203125 84000
1695833383524 37.955384615384624 88000
1695833431410 37.65522388059701 92000
1695833480189 36.839130434782604 96000
1695833527688 37.47575757575758 100000
1695833575394 38.03432835820895 104000
1695833622131 38.73076923076923 108000
1695833668745 39.24393939393939 112000
1695833716640 38.75151515151516 116000
1695833763276 38.842424242424244 120000
1695833810134 38.39090909090908 124000
1695833857827 40.56212121212121 128000
1695833906568 40.33913043478261 132000
1695833954193 39.82272727272728 136000
1695834000722 38.45454545454545 140000
1695834047886 39.017910447761196 144000
1695834094492 39.3359375 148000
1695834141973 39.56666666666667 152000
1695834188823 39.453030303030296 156000
1695834235481 39.43692307692309 160000
1695834282378 39.18787878787879 164000
