1695832399385 30.086666666666662 4000
1695832445117 30.284375 8000
1695832489711 29.68387096774192 12000
1695832537020 29.690909090909088 16000
1695832584004 29.84769230769231 20000
1695832631100 29.922727272727276 24000
1695832679613 30.16029411764706 28000
1695832726646 30.303030303030308 32000
1695832772890 30.35384615384616 36000
1695832820169 30.40606060606061 40000
1695832867941 30.48507462686567 44000
1695832915277 30.50151515151515 48000
1695832962333 30.554545454545455 52000
1695833010637 31.001470588235293 56000
1695833058523 31.131343283582094 60000
1695833105475 30.825757575757578 64000
1695833151746 30.883076923076928 68000
1695833198151 30.955384615384613 72000
1695833244629 31.056923076923074 76000
1695833290738 31.162499999999998 80000
1695833336963 31.295312500000005 84000
1695833383524 31.33692307692308 88000
1695833431411 31.39253731343284 92000
1695833480189 31.636231884057974 96000
1695833527688 32.10606060606061 100000
1695833575395 32.188059701492534 104000
1695833622132 32.28461538461538 108000
1695833668746 32.28030303030304 112000
1695833716641 32.333333333333336 116000
1695833763277 32.371212121212125 120000
1695833810135 32.50757575757576 124000
1695833857828 32.56666666666666 128000
1695833906569 32.60434782608694 132000
1695833954194 32.75454545454547 136000
1695834000723 32.92727272727272 140000
1695834047887 32.94477611940299 144000
1695834094493 32.9640625 148000
1695834141974 32.912121212121214 152000
1695834188824 32.95454545454545 156000
1695834235482 33.02461538461538 160000
1695834282379 33.11515151515151 164000
