1695830818471 0.0 4000
1695830862999 0.0 8000
1695830907748 0.0 12000
1695830954315 0.0 16000
1695831002709 0.0 20000
1695831049839 0.0 24000
1695831097356 0.0 28000
1695831144843 0.0 32000
1695831191339 0.0 36000
1695831241034 0.0 40000
1695831287690 0.0 44000
1695831333954 0.0 48000
1695831380764 0.0 52000
1695831430616 0.0 56000
1695831477778 0.0 60000
1695831525945 0.0 64000
1695831573329 0.0 68000
1695831620565 0.0 72000
1695831668000 0.0 76000
1695831716092 0.0 80000
1695831763190 0.0 84000
1695831811322 0.0 88000
1695831859951 0.0 92000
1695831908407 0.0 96000
1695831956088 0.0 100000
1695832003385 0.0 104000
1695832050634 0.0 108000
1695832097854 0.0 112000
1695832145141 0.0 116000
1695832192873 0.0 120000
