1695830818471 0.20000000000000004 4000
1695830862999 0.20000000000000004 8000
1695830907748 0.20000000000000004 12000
1695830954317 0.20000000000000004 16000
1695831002724 0.20000000000000004 20000
1695831049839 0.20000000000000004 24000
1695831097358 0.20000000000000004 28000
1695831144843 0.20000000000000004 32000
1695831191339 0.20000000000000004 36000
1695831241034 0.20000000000000004 40000
1695831287690 0.20000000000000004 44000
1695831333954 0.20000000000000004 48000
1695831380764 0.20000000000000004 52000
1695831430616 0.20000000000000004 56000
1695831477778 0.20000000000000004 60000
1695831525948 0.20000000000000004 64000
1695831573330 0.20000000000000004 68000
1695831620565 0.20000000000000004 72000
1695831668000 0.20000000000000004 76000
1695831716092 0.20000000000000004 80000
1695831763190 0.20000000000000004 84000
1695831811322 0.20000000000000004 88000
1695831859953 0.20000000000000004 92000
1695831908407 0.20000000000000004 96000
1695831956088 0.20000000000000004 100000
1695832003385 0.20000000000000004 104000
1695832050650 0.20000000000000004 108000
1695832097854 0.20000000000000004 112000
1695832145143 0.20000000000000004 116000
1695832192874 0.20000000000000004 120000
