1695830818471 5.0000000000000016e-05 4000
1695830862999 5.0000000000000016e-05 8000
1695830907764 5.0000000000000016e-05 12000
1695830954318 5.0000000000000016e-05 16000
1695831002724 5.0000000000000016e-05 20000
1695831049839 5.0000000000000016e-05 24000
1695831097359 5.0000000000000016e-05 28000
1695831144843 5.0000000000000016e-05 32000
1695831191339 5.0000000000000016e-05 36000
1695831241034 5.0000000000000016e-05 40000
1695831287690 5.0000000000000016e-05 44000
1695831333954 5.0000000000000016e-05 48000
1695831380764 5.0000000000000016e-05 52000
1695831430616 5.0000000000000016e-05 56000
1695831477778 5.0000000000000016e-05 60000
1695831525948 5.0000000000000016e-05 64000
1695831573331 5.0000000000000016e-05 68000
1695831620565 5.0000000000000016e-05 72000
1695831668000 5.0000000000000016e-05 76000
1695831716092 5.0000000000000016e-05 80000
1695831763190 5.0000000000000016e-05 84000
1695831811322 5.0000000000000016e-05 88000
1695831859954 5.0000000000000016e-05 92000
1695831908407 5.0000000000000016e-05 96000
1695831956088 5.0000000000000016e-05 100000
1695832003385 5.0000000000000016e-05 104000
1695832050650 5.0000000000000016e-05 108000
1695832097854 5.0000000000000016e-05 112000
1695832145144 5.0000000000000016e-05 116000
1695832192875 5.0000000000000016e-05 120000
