1695830818471 1.9315485020478567 4000
1695830862999 1.921852877860268 8000
1695830907764 1.900175580382347 12000
1695830954323 1.885018035893639 16000
1695831002724 1.856448404242595 20000
1695831049839 1.826371518149972 24000
1695831097364 1.8021373757471641 28000
1695831144843 1.8029761190215747 32000
1695831191355 1.7993154584119717 36000
1695831241049 1.77314441477259 40000
1695831287706 1.7487597196052471 44000
1695831333966 1.7425364186366399 48000
1695831380764 1.6736912911136945 52000
1695831430632 1.6164662503947815 56000
1695831477778 1.6104043119897444 60000
1695831525954 1.6068185741702716 64000
1695831573336 1.5660432462890943 68000
1695831620580 1.5308204495658477 72000
1695831668000 1.498738992959261 76000
1695831716092 1.5598563442627589 80000
1695831763206 1.4655084085961183 84000
1695831811322 1.3943731763710578 88000
1695831859960 1.3012958637128273 92000
1695831908423 1.3505307716627917 96000
1695831956088 1.3094205625355244 100000
1695832003385 1.3183290022114913 104000
1695832050650 1.2112207372983297 108000
1695832097869 1.2570534067849317 112000
1695832145149 1.2884633388370275 116000
1695832192881 1.229037794843316 120000
