1695830818487 0.0010000000000000005 4000
1695830862999 0.0010000000000000005 8000
1695830907764 0.0010000000000000005 12000
1695830954324 0.0010000000000000005 16000
1695831002724 0.0010000000000000005 20000
1695831049839 0.0010000000000000005 24000
1695831097365 0.0010000000000000005 28000
1695831144843 0.0010000000000000005 32000
1695831191355 0.0010000000000000005 36000
1695831241049 0.0010000000000000005 40000
1695831287706 0.0010000000000000005 44000
1695831333966 0.0010000000000000005 48000
1695831380764 0.0010000000000000005 52000
1695831430632 0.0010000000000000005 56000
1695831477794 0.0010000000000000005 60000
1695831525955 0.0010000000000000005 64000
1695831573337 0.0010000000000000005 68000
1695831620580 0.0010000000000000005 72000
1695831668000 0.0010000000000000005 76000
1695831716092 0.0010000000000000005 80000
1695831763206 0.0010000000000000005 84000
1695831811322 0.0010000000000000005 88000
1695831859960 0.0010000000000000005 92000
1695831908423 0.0010000000000000005 96000
1695831956088 0.0010000000000000005 100000
1695832003385 0.0010000000000000005 104000
1695832050650 0.0010000000000000005 108000
1695832097869 0.0010000000000000005 112000
1695832145151 0.0010000000000000005 116000
1695832192881 0.0010000000000000005 120000
