1695830818471 0.5915373995589713 4000
1695830862999 0.7002013659725587 8000
1695830907748 0.7707216032470267 12000
1695830954316 0.8485531691151361 16000
1695831002724 0.9439881821162999 20000
1695831049839 1.0145048298562567 24000
1695831097357 1.1428053413828214 28000
1695831144843 1.1368777793832123 32000
1695831191339 1.1822852960166832 36000
1695831241034 1.2655022375285625 40000
1695831287690 1.2579041208140551 44000
1695831333954 1.3070427803943554 48000
1695831380764 1.1796443623490631 52000
1695831430616 1.178286818632235 56000
1695831477778 1.2229094507483145 60000
1695831525947 1.1709440580879649 64000
1695831573329 1.3433476727145413 68000
1695831620565 1.3100216405466198 72000
1695831668000 1.2725544614096482 76000
1695831716092 1.3059728800940016 80000
1695831763190 1.2761915494377414 84000
1695831811322 1.1714164916736385 88000
1695831859952 1.1860300895757974 92000
1695831908407 1.2771498158574104 96000
1695831956088 1.3189934643916785 100000
1695832003385 1.3864328511680166 104000
1695832050634 1.2214756387285888 108000
1695832097854 1.321761062151442 112000
1695832145142 1.3537392190036674 116000
1695832192873 1.206769904245933 120000
