1695830818471 0.014650221682978666 4000
1695830862999 0.01572856711033709 8000
1695830907764 0.011166110235180606 12000
1695830954323 0.011577595355450991 16000
1695831002724 0.01538275056444775 20000
1695831049839 0.011581237384070717 24000
1695831097363 0.015120778802493053 28000
1695831144843 0.012592052546743086 32000
1695831191355 0.00804553961604976 36000
1695831241049 0.010096880349863158 40000
1695831287706 0.013156384035140379 44000
1695831333966 0.011194262024125646 48000
1695831380764 0.012138850356036493 52000
1695831430632 0.009918174702956152 56000
1695831477778 0.007796124674602349 60000
1695831525953 0.0089342731662504 64000
1695831573335 0.011688310245988133 68000
1695831620580 0.009415286127325239 72000
1695831668000 0.010214286889530293 76000
1695831716092 0.009795853207456654 80000
1695831763206 0.013809695066826558 84000
1695831811322 0.008959027589843535 88000
1695831859959 0.008141959361040535 92000
1695831908407 0.011811567867273809 96000
1695831956088 0.010509356314693444 100000
1695832003385 0.011228338896939576 104000
1695832050650 0.00713278135128348 108000
1695832097869 0.011107046977231342 112000
1695832145149 0.013671631546154117 116000
1695832192880 0.013763958670656015 120000
