1695830818471 -0.01789322243615364 4000
1695830862999 -0.018419732956196335 8000
1695830907764 -0.017950106117496034 12000
1695830954320 -0.01841189516247444 16000
1695831002724 -0.02007951795288439 20000
1695831049839 -0.016009203239324657 24000
1695831097361 -0.02051108269758212 28000
1695831144843 -0.023595050377965283 32000
1695831191339 -0.012947097305004717 36000
1695831241034 -0.015638424793238907 40000
1695831287706 -0.01806253814623536 44000
1695831333966 -0.0157236545055639 48000
1695831380764 -0.023014787079349237 52000
1695831430632 -0.012995959083976534 56000
1695831477778 -0.009228641090157908 60000
1695831525950 -0.010626484202900126 64000
1695831573333 -0.01902225780892574 68000
1695831620565 -0.014893426573447261 72000
1695831668000 -0.012165417570455854 76000
1695831716092 -0.017901408289617393 80000
1695831763206 -0.018954003768400677 84000
1695831811322 -0.013927623677348795 88000
1695831859955 -0.010949900134922549 92000
1695831908407 -0.016950453734898473 96000
1695831956088 -0.01796843902411638 100000
1695832003385 -0.01631721214944264 104000
1695832050650 -0.01474055801409122 108000
1695832097854 -0.015757884122770825 112000
1695832145146 -0.019029624072815447 116000
1695832192877 -0.013768329900631215 120000
