1695830818471 -0.008103887589762356 4000
1695830862999 -0.015429620023921113 8000
1695830907764 -0.01615071388666062 12000
1695830954319 -0.013300495797375333 16000
1695831002724 -0.015184364149536122 20000
1695831049839 -0.015032364187815499 24000
1695831097360 -0.010332570538472889 28000
1695831144843 -0.017641129087739196 32000
1695831191339 -0.00873240284442242 36000
1695831241034 -0.007867823935763832 40000
1695831287706 -0.010416129119676043 44000
1695831333966 -0.012533667370613935 48000
1695831380764 -0.019427693139004987 52000
1695831430616 -0.008549107191659763 56000
1695831477778 -0.005869689462451788 60000
1695831525949 -0.006324221502654837 64000
1695831573332 -0.006360537099681096 68000
1695831620565 -0.009875192368629845 72000
1695831668000 -0.003612086638895562 76000
1695831716092 -0.008341917128685357 80000
1695831763206 -0.015570980349245171 84000
1695831811322 -0.008867418168241178 88000
1695831859955 -0.006872932494358489 92000
1695831908407 -0.008498828639858402 96000
1695831956088 -0.010165123588012647 100000
1695832003385 -0.011462500154326942 104000
1695832050650 -0.010709662184793464 108000
1695832097854 -0.008426543824437733 112000
1695832145145 -0.015068422629277241 116000
1695832192876 -0.01025310352803596 120000
