1695830818471 0.0679469272494316 4000
1695830862999 0.21537804373850425 8000
1695830907764 0.2553190641105175 12000
1695830954322 0.5330483941361308 16000
1695831002724 0.41092349408815304 20000
1695831049839 0.21393759977072477 24000
1695831097363 0.46594184879213574 28000
1695831144843 0.5953807920838395 32000
1695831191355 0.38687394994000596 36000
1695831241034 0.715241437467436 40000
1695831287706 0.6353336141134301 44000
1695831333966 0.8034928027540446 48000
1695831380764 0.8819818812732895 52000
1695831430632 0.8018964229772488 56000
1695831477778 0.7847435386230548 60000
1695831525952 0.6224661805356543 64000
1695831573334 0.6666131891931096 68000
1695831620565 0.4636511574188868 72000
1695831668000 0.5880989073465268 76000
1695831716092 0.49419234159092107 80000
1695831763206 0.5718073107302188 84000
1695831811322 0.8418831236039599 88000
1695831859957 0.7262923431272308 92000
1695831908407 0.6902581920226415 96000
1695831956088 0.664285680403312 100000
1695832003385 0.7114605558415253 104000
1695832050650 0.8328993828967214 108000
1695832097869 0.5986978648230433 112000
1695832145147 0.8036545179784298 116000
1695832192879 0.847620057562987 120000
