1695830818471 0.017581677993196838 4000
1695830862999 0.0035325047614605865 8000
1695830907764 0.002932692414833582 12000
1695830954321 0.009361796140728984 16000
1695831002724 0.007350105031946441 20000
1695831049839 0.0009739282479737691 24000
1695831097362 0.017912987716651212 28000
1695831144843 0.010476974740352791 32000
1695831191339 0.008809804392027824 36000
1695831241034 0.015048740074053057 40000
1695831287706 0.013527783488704396 44000
1695831333966 0.005387343674071113 48000
1695831380764 0.005666030529270453 52000
1695831430632 0.008159366256101445 56000
1695831477778 0.00682026268326202 60000
1695831525951 0.008244453374391014 64000
1695831573334 0.023780204554107818 68000
1695831620565 0.009331995790853398 72000
1695831668000 0.016018425251483375 76000
1695831716092 0.018320353952246175 80000
1695831763206 0.004173185514749396 84000
1695831811322 0.009325547006361982 88000
1695831859956 0.0074997437892307065 92000
1695831908407 0.014879684766250042 96000
1695831956088 0.014021730335662142 100000
1695832003385 0.007854746675972517 104000
1695832050650 0.0076311221788879875 108000
1695832097854 0.012733969112377962 112000
1695832145147 0.005030677733157063 116000
1695832192878 0.003982944854457552 120000
