1695832489599 0.1480468749999999 12000
1695832536910 -0.053626420454545555 16000
1695832583909 -0.053626420454545555 20000
1695832630989 -0.0009206730769231772 24000
1695832679497 -0.057998511904762004 28000
1695832726534 -0.057998511904762004 32000
1695832772787 -0.0323393750000001 36000
1695832820058 -0.0236313476562501 40000
1695832867813 -0.0236313476562501 44000
1695832915165 -0.014890625000000098 48000
1695832962215 -0.017290777439024477 52000
1695833010534 -0.01980766369047628 56000
1695833058421 -0.010518402777777864 60000
1695833105380 -0.014270526960784397 64000
1695833151651 -0.006220813679245364 68000
1695833198037 0.005815241228070091 72000
1695833244517 0.01212653688524582 76000
1695833290627 0.017800292968749923 80000
1695833336867 0.016543704710144855 84000
1695833383413 0.038029771959459384 88000
1695833431298 0.041661931818181744 92000
1695833480072 0.04451015624999992 96000
1695833527577 0.046953696646341386 100000
1695833575288 0.04104831178160913 104000
1695833622027 0.05189555027173907 108000
1695833668643 0.05011053856382973 112000
1695833716537 0.04731330541237106 116000
1695833763173 0.04486390624999993 120000
1695833810032 0.044873437499999926 124000
1695833857722 0.04613421874999994 128000
1695833906461 0.04743421874999995 132000
1695833954091 0.045798593749999957 136000
1695834000614 0.05266999999999995 140000
1695834047786 0.07342124999999995 144000
1695834094388 0.07793812499999996 148000
1695834141873 0.08233812499999996 152000
1695834188720 0.07498531249999997 156000
1695834235379 0.07833343749999996 160000
1695834282271 0.08315656249999996 164000
