1695832489615 1.2200000000000044 12000
1695832536910 0.761562220000005 16000
1695832583909 0.761562220000005 20000
1695832630989 0.7507103400000048 24000
1695832679497 0.9350563583450265 28000
1695832726534 0.9350563583450265 32000
1695832772787 1.0648382590604117 36000
1695832820058 1.154575227501056 40000
1695832867828 1.154575227501056 44000
1695832915165 1.2166161175360437 48000
1695832962216 1.2551133273263049 52000
1695833010535 1.2691033251951116 56000
1695833058421 1.2861517592749139 60000
1695833105380 1.3264311489072214 64000
1695833151651 1.3453135178590014 68000
1695833198037 1.3716033227682778 72000
1695833244517 1.390379710640272 76000
1695833290643 1.401300657226643 80000
1695833336867 1.4140537427766107 84000
1695833383413 1.4303131681171224 88000
1695833431298 1.438509794209294 92000
1695833480072 1.4457166733445523 96000
1695833527577 1.454552569638785 100000
1695833575289 1.4674227229823145 104000
1695833622027 1.4782661354909643 108000
1695833668644 1.483722031285118 112000
1695833716538 1.4867520686005127 116000
1695833763173 1.4809703036769826 120000
1695833810033 1.485718918617042 124000
1695833857723 1.5178974084078518 128000
1695833906462 1.533684340786014 132000
1695833954091 1.5623718018704995 136000
1695834000615 1.602933251231442 140000
1695834047787 1.6157447022215015 144000
1695834094390 1.6084647022215017 148000
1695834141874 1.6229735483659282 152000
1695834188721 1.6208911345996646 156000
1695834235380 1.6313111345996745 160000
1695834282272 1.6306811345996743 164000
