1695832399429 479.5 4000
1695832445149 479.5 8000
1695832489807 479.5 12000
1695832537084 479.5 16000
1695832584084 479.5 20000
1695832631179 479.5 24000
1695832679688 479.5 28000
1695832726726 479.5 32000
1695832772957 479.5 36000
1695832820251 479.5 40000
1695832868019 479.5 44000
1695832915354 479.5 48000
1695832962419 479.5 52000
1695833010713 479.5 56000
1695833058621 479.5 60000
1695833105559 479.5 64000
1695833151825 479.5 68000
1695833198229 479.5 72000
1695833244693 479.5 76000
1695833290825 479.5 80000
1695833337042 479.5 84000
1695833383607 479.5 88000
1695833431493 479.5 92000
1695833480272 479.5 96000
1695833527767 479.5 100000
1695833575482 479.5 104000
1695833622216 479.5 108000
1695833668822 479.5 112000
1695833716718 479.5 116000
1695833763360 479.5 120000
1695833810210 479.5 124000
1695833857908 479.5 128000
1695833906646 479.5 132000
1695833954273 479.5 136000
1695834000799 479.5 140000
1695834047969 479.5 144000
1695834094571 479.5 148000
1695834142049 479.5 152000
1695834188898 479.5 156000
1695834235556 479.5 160000
1695834282455 479.5 164000
