1695832399429 480.5 4000
1695832445149 1440.5 8000
1695832489791 2400.5 12000
1695832537084 3360.5 16000
1695832584084 4320.5 20000
1695832631179 5280.5 24000
1695832679688 6240.5 28000
1695832726726 7200.5 32000
1695832772957 8160.5 36000
1695832820250 9120.5 40000
1695832868019 10080.5 44000
1695832915340 11040.5 48000
1695832962419 12000.5 52000
1695833010712 12960.5 56000
1695833058621 13920.5 60000
1695833105559 14880.5 64000
1695833151825 15840.5 68000
1695833198229 16800.5 72000
1695833244693 17760.5 76000
1695833290825 18720.5 80000
1695833337042 19680.5 84000
1695833383607 20640.5 88000
1695833431493 21600.5 92000
1695833480272 22560.5 96000
1695833527767 23520.5 100000
1695833575481 24480.5 104000
1695833622215 25440.5 108000
1695833668821 26400.5 112000
1695833716717 27360.5 116000
1695833763359 28320.5 120000
1695833810209 29280.5 124000
1695833857908 30240.5 128000
1695833906645 31200.5 132000
1695833954272 32160.5 136000
1695834000798 33120.5 140000
1695834047968 34080.5 144000
1695834094570 35040.5 148000
1695834142048 36000.5 152000
1695834188898 36960.5 156000
1695834235555 37920.5 160000
1695834282454 38880.5 164000
