1695830818263 23267.01 4000
1695830862833 23911.607 8000
1695830907557 24269.158 12000
1695830954119 24599.121 16000
1695831002519 25017.404 20000
1695831049656 25179.237 24000
1695831097164 25373.456 28000
1695831144652 25438.373 32000
1695831191157 25454.489 36000
1695831240843 25757.488 40000
1695831287513 26013.402 44000
1695831333775 26109.595 48000
1695831380572 26227.26 52000
1695831430426 26312.444 56000
1695831477588 26228.374 60000
1695831525753 26312.506 64000
1695831573130 26257.224 68000
1695831620375 26256.776 72000
1695831667799 26288.032 76000
1695831715901 26058.19 80000
1695831762994 26083.978 84000
1695831811131 26136.43 88000
1695831859759 26171.285 92000
1695831908209 26220.972 96000
1695831955897 26248.013 100000
1695832003186 26131.935 104000
1695832050452 26142.722 108000
1695832097671 26124.911 112000
1695832144938 26124.793 116000
1695832192679 26099.376 120000
