1695830818263 171.917 4000
1695830862849 167.283 8000
1695830907557 164.818 12000
1695830954119 162.607 16000
1695831002519 159.889 20000
1695831049656 158.861 24000
1695831097165 157.645 28000
1695831144652 157.243 32000
1695831191157 157.143 36000
1695831240843 155.295 40000
1695831287513 153.767 44000
1695831333775 153.2 48000
1695831380572 152.513 52000
1695831430426 152.019 56000
1695831477588 152.507 60000
1695831525754 152.019 64000
1695831573130 152.339 68000
1695831620375 152.342 72000
1695831667799 152.16 76000
1695831715901 153.503 80000
1695831762994 153.351 84000
1695831811131 153.043 88000
1695831859760 152.839 92000
1695831908209 152.55 96000
1695831955897 152.392 100000
1695832003186 153.069 104000
1695832050452 153.006 108000
1695832097671 153.111 112000
1695832144954 153.111 116000
1695832192679 153.26 120000
