1695830818263 17161.221 4000
1695830862833 18217.94 8000
1695830907557 18439.467 12000
1695830954119 18809.501 16000
1695831002519 19098.841 20000
1695831049656 19223.155 24000
1695831097163 19272.764 28000
1695831144652 19371.288 32000
1695831191157 19379.958 36000
1695831240843 19423.533 40000
1695831287501 19647.584 44000
1695831333775 19663.146 48000
1695831380572 19693.929 52000
1695831430426 19881.175 56000
1695831477588 19840.929 60000
1695831525752 19787.933 64000
1695831573130 19810.631 68000
1695831620375 19786.638 72000
1695831667799 19834.364 76000
1695831715901 19856.895 80000
1695831762994 19868.83 84000
1695831811131 19988.573 88000
1695831859759 20096.484 92000
1695831908209 19909.904 96000
1695831955881 19944.541 100000
1695832003186 20014.948 104000
1695832050452 19973.645 108000
1695832097671 19996.491 112000
1695832144938 19987.378 116000
1695832192679 19997.119 120000
