1695830818263 49.335 4000
1695830862849 52.185 8000
1695830907572 56.229 12000
1695830954119 57.924 16000
1695831002519 58.958 20000
1695831049656 57.011 24000
1695831097166 57.795 28000
1695831144652 59.598 32000
1695831191157 60.008 36000
1695831240843 60.258 40000
1695831287513 61.575 44000
1695831333775 60.896 48000
1695831380572 60.755 52000
1695831430426 60.749 56000
1695831477588 59.355 60000
1695831525755 60.43 64000
1695831573130 60.606 68000
1695831620375 59.635 72000
1695831667812 59.696 76000
1695831715901 58.871 80000
1695831762994 59.524 84000
1695831811131 60.96 88000
1695831859761 61.505 92000
1695831908209 60.113 96000
1695831955897 61.622 100000
1695832003186 60.656 104000
1695832050452 60.655 108000
1695832097671 60.837 112000
1695832144956 60.693 116000
1695832192679 62.094 120000
