1695830818263 40477.566 4000
1695830862833 42182.756 8000
1695830907557 42765.871 12000
1695830954119 43467.557 16000
1695831002503 44176.012 20000
1695831049656 44460.077 24000
1695831097162 44704.593 28000
1695831144652 44869.765 32000
1695831191157 44894.905 36000
1695831240843 45243.247 40000
1695831287501 45724.529 44000
1695831333775 45835.401 48000
1695831380572 45983.607 52000
1695831430426 46255.931 56000
1695831477588 46130.221 60000
1695831525752 46162.638 64000
1695831573130 46130.23 68000
1695831620375 46104.818 72000
1695831667799 46183.861 76000
1695831715901 45974.162 80000
1695831762994 46012.537 84000
1695831811131 46186.17 88000
1695831859744 46329.699 92000
1695831908209 46191.413 96000
1695831955881 46254.6 100000
1695832003186 46207.757 104000
1695832050452 46177.241 108000
1695832097671 46182.458 112000
1695832144938 46173.082 116000
1695832192679 46158.908 120000
