1695839581466 2.0 4000
1695839614107 2.0 8000
1695839646261 2.0 12000
1695839678182 2.0 16000
1695839711636 2.0 20000
1695839744930 2.0 24000
1695839779441 2.0 28000
1695839814078 2.0 32000
1695839850736 2.0 36000
1695839886597 2.0 40000
1695839924107 2.0 44000
1695839959816 2.0 48000
1695839995962 2.0 52000
1695840031171 2.0 56000
1695840065246 2.0 60000
1695840100477 2.0 64000
1695840134594 2.0 68000
1695840169145 2.0 72000
1695840204728 2.0 76000
1695840240143 2.0 80000
1695840276992 2.0 84000
1695840313026 2.0 88000
1695840348403 2.0 92000
1695840382575 2.0 96000
1695840416542 2.0 100000
1695840451512 2.0 104000
1695840486214 2.0 108000
1695840521247 2.0 112000
1695840555400 2.0 116000
1695840589338 2.0 120000
