1695830818247 nan 4000
1695830862833 nan 8000
1695830907541 -0.01925735789082378 12000
1695830954103 1.5028437499999998 16000
1695831002488 1.5028437499999998 20000
1695831049640 1.5028437499999998 24000
1695831097141 1.5028437499999998 28000
1695831144639 2.3415682378161775 32000
1695831191141 2.3415682378161775 36000
1695831240827 2.3415682378161775 40000
1695831287484 2.3415682378161775 44000
1695831333759 2.3415682378161775 48000
1695831380557 2.3415682378161775 52000
1695831430410 2.3415682378161775 56000
1695831477571 2.3415682378161775 60000
1695831525731 2.3415682378161775 64000
1695831573101 2.551911987816172 68000
1695831620358 2.551911987816172 72000
1695831667780 2.551911987816172 76000
1695831715870 2.551911987816172 80000
1695831762981 2.551911987816172 84000
1695831811115 2.551911987816172 88000
1695831859726 2.551911987816172 92000
1695831908190 2.551911987816172 96000
1695831955865 2.551911987816172 100000
1695832003170 2.551911987816172 104000
1695832050435 2.551911987816172 108000
1695832097656 2.551911987816172 112000
1695832144923 2.551911987816172 116000
1695832192664 2.551911987816172 120000
