1695830818263 0.0 4000
1695830862833 0.0 8000
1695830907541 1.0 12000
1695830954103 10.0 16000
1695831002488 1.0 20000
1695831049640 1.0 24000
1695831097146 7.0 28000
1695831144639 4.0 32000
1695831191141 1.0 36000
1695831240827 5.0 40000
1695831287484 3.0 44000
1695831333759 3.0 48000
1695831380557 5.0 52000
1695831430410 3.0 56000
1695831477571 2.0 60000
1695831525735 5.0 64000
1695831573113 4.0 68000
1695831620358 1.0 72000
1695831667780 3.0 76000
1695831715885 5.0 80000
1695831762985 1.0 84000
1695831811115 6.0 88000
1695831859744 1.0 92000
1695831908194 4.0 96000
1695831955865 4.0 100000
1695832003170 2.0 104000
1695832050435 4.0 108000
1695832097656 4.0 112000
1695832144923 2.0 116000
1695832192664 4.0 120000
