1695830818247 nan 4000
1695830862833 nan 8000
1695830907541 -0.01925735789082378 12000
1695830954103 -1.4939999999999967 16000
1695831002488 -1.4939999999999967 20000
1695831049640 -1.4939999999999967 24000
1695831097143 -1.4939999999999967 28000
1695831144639 -1.4939999999999967 32000
1695831191141 -1.4939999999999967 36000
1695831240827 -1.4939999999999967 40000
1695831287484 -1.4939999999999967 44000
1695831333759 -1.4939999999999967 48000
1695831380557 -1.4939999999999967 52000
1695831430410 -1.4939999999999967 56000
1695831477571 -1.4939999999999967 60000
1695831525732 -1.4939999999999967 64000
1695831573101 -1.4939999999999967 68000
1695831620358 -1.4939999999999967 72000
1695831667780 -1.4939999999999967 76000
1695831715870 -1.4939999999999967 80000
1695831762982 -1.4939999999999967 84000
1695831811115 -1.4939999999999967 88000
1695831859726 -1.4939999999999967 92000
1695831908191 -1.4939999999999967 96000
1695831955865 -1.4939999999999967 100000
1695832003170 -1.4939999999999967 104000
1695832050435 -1.4939999999999967 108000
1695832097656 -1.4939999999999967 112000
1695832144923 -1.4939999999999967 116000
1695832192664 -1.4939999999999967 120000
