1695830818263 nan 4000
1695830862833 nan 8000
1695830907541 1099.0 12000
1695830954103 1175.0 16000
1695831002488 1112.25 20000
1695831049640 1125.1538461538462 24000
1695831097145 1179.35 28000
1695831144639 1125.6666666666667 32000
1695831191141 1113.44 36000
1695831240827 1141.2 40000
1695831287484 1153.8181818181818 44000
1695831333759 1152.4444444444443 48000
1695831380557 1150.2682926829268 52000
1695831430410 1159.1136363636363 56000
1695831477571 1164.3695652173913 60000
1695831525734 1175.7058823529412 64000
1695831573113 1163.4 68000
1695831620358 1155.8035714285713 72000
1695831667780 1162.1186440677966 76000
1695831715885 1171.328125 80000
1695831762984 1173.0 84000
1695831811115 1168.1408450704225 88000
1695831859743 1169.6944444444443 92000
1695831908193 1170.078947368421 96000
1695831955865 1175.575 100000
1695832003170 1178.121951219512 104000
1695832050435 1182.860465116279 108000
1695832097656 1187.1777777777777 112000
1695832144923 1189.195652173913 116000
1695832192664 1192.9791666666667 120000
