1695839678091 1.3236932378152193 16000
1695839711556 1.3236932378152193 20000
1695839744850 2.4079276128161773 24000
1695839779345 2.4079276128161773 28000
1695839813992 2.4079276128161773 32000
1695839850672 2.4079276128161773 36000
1695839886508 2.4079276128161773 40000
1695839924030 2.588689855000003 44000
1695839959731 2.588689855000003 48000
1695839995882 2.588689855000003 52000
1695840031092 2.588689855000003 56000
1695840065168 2.588689855000003 60000
1695840100394 2.588689855000003 64000
1695840134514 2.588689855000003 68000
1695840169067 2.6544658644425976 72000
1695840204645 2.6544658644425976 76000
1695840240064 2.6544658644425976 80000
1695840276898 2.6544658644425976 84000
1695840312953 2.6781307378161774 88000
1695840348325 2.6781307378161774 92000
1695840382492 2.824677612816172 96000
1695840416459 2.824677612816172 100000
1695840451434 2.8695682378161713 104000
1695840486134 2.8695682378161713 108000
1695840521168 2.8695682378161713 112000
1695840555304 2.8695682378161713 116000
1695840589260 2.915536987816171 120000
