1695839678091 1.1920000000000153 16000
1695839711556 1.1920000000000153 20000
1695839744850 1.8516932378152162 24000
1695839779345 1.8516932378152162 28000
1695839813992 1.8516932378152162 32000
1695839850672 1.8516932378152162 36000
1695839886509 1.8516932378152162 40000
1695839924031 1.8516932378152162 44000
1695839959731 1.8516932378152162 48000
1695839995882 1.8516932378152162 52000
1695840031092 1.8516932378152162 56000
1695840065168 1.8516932378152162 60000
1695840100396 1.8516932378152162 64000
1695840134514 1.8516932378152162 68000
1695840169068 1.8516932378152162 72000
1695840204645 1.8516932378152162 76000
1695840240065 1.8516932378152162 80000
1695840276898 1.8516932378152162 84000
1695840312953 1.8516932378152162 88000
1695840348326 1.8516932378152162 92000
1695840382492 1.8516932378152162 96000
1695840416459 1.8516932378152162 100000
1695840451434 1.8516932378152162 104000
1695840486134 1.47905000000002 108000
1695840521168 1.6430500000000001 112000
1695840555304 1.6430500000000001 116000
1695840589260 1.6430500000000001 120000
