1695832489584 0.0 12000
1695832536893 0.0 16000
1695832583893 0.0 20000
1695832630972 0.0 24000
1695832679482 0.0 28000
1695832726518 0.0 32000
1695832772762 0.0 36000
1695832820042 0.0 40000
1695832867796 0.0 44000
1695832915154 0.0 48000
1695832962191 0.0 52000
1695833010517 0.0 56000
1695833058396 0.0 60000
1695833105364 0.0 64000
1695833151634 0.0 68000
1695833198021 0.0 72000
1695833244502 0.0 76000
1695833290612 0.0 80000
1695833336835 0.0 84000
1695833383407 0.0 88000
1695833431282 0.0 92000
1695833480056 0.0 96000
1695833527561 0.0 100000
1695833575270 0.0 104000
1695833622010 0.0 108000
1695833668625 0.0 112000
1695833716520 0.0 116000
1695833763156 0.0 120000
1695833810016 0.0 124000
1695833857704 0.0 128000
1695833906444 0.0 132000
1695833954072 0.0 136000
1695834000597 0.0 140000
1695834047768 0.0 144000
1695834094371 0.0 148000
1695834141856 0.0 152000
1695834188703 0.0 156000
1695834235362 0.0 160000
1695834282254 0.0 164000
