1695832489711 1.2200000000000044 12000
1695832537021 -0.16300000000000012 16000
1695832584004 -0.16300000000000012 20000
1695832631100 -0.16300000000000012 24000
1695832679613 -0.16300000000000012 28000
1695832726646 -0.16300000000000012 32000
1695832772890 -0.16300000000000012 36000
1695832820177 -0.16300000000000012 40000
1695832867941 -0.16300000000000012 44000
1695832915278 -0.16300000000000012 48000
1695832962335 -0.16300000000000012 52000
1695833010639 -0.16300000000000012 56000
1695833058523 -0.16300000000000012 60000
1695833105475 -0.16300000000000012 64000
1695833151746 -0.16300000000000012 68000
1695833198151 -0.16300000000000012 72000
1695833244629 -0.16300000000000012 76000
1695833290738 -0.16300000000000012 80000
1695833336978 -0.16300000000000012 84000
1695833383524 -0.16300000000000012 88000
1695833431413 -0.16300000000000012 92000
1695833480189 -0.16300000000000012 96000
1695833527688 -0.16300000000000012 100000
1695833575397 -0.16300000000000012 104000
1695833622134 -0.16300000000000012 108000
1695833668748 -0.16300000000000012 112000
1695833716642 -0.16300000000000012 116000
1695833763278 -0.16300000000000012 120000
1695833810137 -0.16300000000000012 124000
1695833857830 -0.1580000000000001 128000
1695833906571 -0.1580000000000001 132000
1695833954196 -0.12800000000000009 136000
1695834000725 0.7347586233735772 140000
1695834047889 0.7347586233735772 144000
1695834094495 0.7347586233735772 148000
1695834141976 0.7347586233735772 152000
1695834188825 0.7347586233735772 156000
1695834235484 0.7347586233735772 160000
1695834282381 0.7347586233735772 164000
