1695832489711 0.1480468749999999 12000
1695832537021 -0.18500000000000014 16000
1695832584004 -0.18500000000000014 20000
1695832631100 -0.18500000000000014 24000
1695832679613 -0.18500000000000014 28000
1695832726646 -0.18500000000000014 32000
1695832772890 -0.18500000000000014 36000
1695832820169 -0.18500000000000014 40000
1695832867941 -0.18500000000000014 44000
1695832915278 -0.18500000000000014 48000
1695832962335 -0.18500000000000014 52000
1695833010638 -0.18500000000000014 56000
1695833058523 -0.18500000000000014 60000
1695833105475 -0.18500000000000014 64000
1695833151746 -0.18500000000000014 68000
1695833198151 -0.18500000000000014 72000
1695833244629 -0.18500000000000014 76000
1695833290738 -0.18500000000000014 80000
1695833336963 -0.18500000000000014 84000
1695833383524 -0.18500000000000014 88000
1695833431412 -0.18500000000000014 92000
1695833480189 -0.18500000000000014 96000
1695833527688 -0.18500000000000014 100000
1695833575396 -0.18500000000000014 104000
1695833622133 -0.18500000000000014 108000
1695833668747 -0.18500000000000014 112000
1695833716641 -0.18500000000000014 116000
1695833763278 -0.18500000000000014 120000
1695833810136 -0.18500000000000014 124000
1695833857829 -0.18500000000000014 128000
1695833906570 -0.17800000000000013 132000
1695833954195 -0.16200000000000012 136000
1695834000724 -0.16200000000000012 140000
1695834047888 -0.16200000000000012 144000
1695834094494 -0.16200000000000012 148000
1695834141975 -0.12800000000000009 152000
1695834188825 -0.12800000000000009 156000
1695834235483 -0.12800000000000009 160000
1695834282380 -0.12800000000000009 164000
