1695830907557 0.0 12000
1695830954119 0.05102049220692028 16000
1695831002503 0.05119542280832926 20000
1695831049640 0.04725731336153471 24000
1695831097158 0.06978332996368408 28000
1695831144652 0.062427918116251625 32000
1695831191157 0.06193733215332031 36000
1695831240843 0.0776517391204834 40000
1695831287501 0.07059249010953036 44000
1695831333775 0.0864108403523763 48000
1695831380572 0.07587293299233042 52000
1695831430426 0.07265968756242232 56000
1695831477588 0.06950057071188222 60000
1695831525749 0.06268678926954083 64000
1695831573128 0.06358103318647905 68000
1695831620375 0.06244565759386335 72000
1695831667799 0.07251299033730717 76000
1695831715885 0.06763320416212082 80000
1695831762994 0.06659269332885742 84000
1695831811131 0.06233386590447224 88000
1695831859744 0.06146811776691013 92000
1695831908207 0.06048726408105148 96000
1695831955881 0.0574629008769989 100000
1695832003186 0.05606136670926722 104000
1695832050452 0.06262410518734954 108000
1695832097671 0.0690778096516927 112000
1695832144938 0.06757611813752548 116000
1695832192679 0.06524783869584401 120000
