1695830818230 0.0 4000
1695830862818 0.0 8000
1695830907493 0.0 12000
1695830954072 0.0 16000
1695831002455 0.0 20000
1695831049600 0.0 24000
1695831097106 0.0 28000
1695831144604 0.0 32000
1695831191110 0.0 36000
1695831240796 0.0 40000
1695831287453 0.0 44000
1695831333728 0.0 48000
1695831380526 0.0 52000
1695831430369 0.0 56000
1695831477539 0.0 60000
1695831525666 0.0 64000
1695831573063 0.0 68000
1695831620327 0.0 72000
1695831667748 0.0 76000
1695831715837 0.0 80000
1695831762947 0.0 84000
1695831811083 0.0 88000
1695831859702 0.0 92000
1695831908146 0.0 96000
1695831955834 0.0 100000
1695832003137 0.0 104000
1695832050404 0.0 108000
1695832097609 0.0 112000
1695832144891 0.0 116000
1695832192616 0.0 120000
