1695830818219 nan 4000
1695830862802 nan 8000
1695830907481 -0.01925735789082378 12000
1695830954056 1.5028437499999998 16000
1695831002439 1.5028437499999998 20000
1695831049577 1.5028437499999998 24000
1695831097087 1.5028437499999998 28000
1695831144587 2.3415682378161775 32000
1695831191094 2.3415682378161775 36000
1695831240778 2.3415682378161775 40000
1695831287437 2.3415682378161775 44000
1695831333697 2.3415682378161775 48000
1695831380509 2.3415682378161775 52000
1695831430347 2.3415682378161775 56000
1695831477523 2.3415682378161775 60000
1695831525646 2.3415682378161775 64000
1695831573051 2.551911987816172 68000
1695831620311 2.551911987816172 72000
1695831667730 2.551911987816172 76000
1695831715822 2.551911987816172 80000
1695831762924 2.551911987816172 84000
1695831811066 2.551911987816172 88000
1695831859677 2.551911987816172 92000
1695831908127 2.551911987816172 96000
1695831955802 2.551911987816172 100000
1695832003107 2.551911987816172 104000
1695832050373 2.551911987816172 108000
1695832097600 2.551911987816172 112000
1695832144876 2.551911987816172 116000
1695832192601 2.551911987816172 120000
