1695830818219 0.0 4000
1695830862802 0.0 8000
1695830907493 1.0 12000
1695830954056 10.0 16000
1695831002439 1.0 20000
1695831049577 1.0 24000
1695831097091 7.0 28000
1695831144587 4.0 32000
1695831191094 1.0 36000
1695831240782 5.0 40000
1695831287437 3.0 44000
1695831333712 3.0 48000
1695831380509 5.0 52000
1695831430347 3.0 56000
1695831477523 2.0 60000
1695831525652 5.0 64000
1695831573051 4.0 68000
1695831620311 1.0 72000
1695831667730 3.0 76000
1695831715822 5.0 80000
1695831762928 1.0 84000
1695831811066 6.0 88000
1695831859685 1.0 92000
1695831908127 4.0 96000
1695831955818 4.0 100000
1695832003107 2.0 104000
1695832050388 4.0 108000
1695832097609 4.0 112000
1695832144876 2.0 116000
1695832192601 4.0 120000
