1695830818219 nan 4000
1695830862802 nan 8000
1695830907481 -0.01925735789082378 12000
1695830954056 -0.44451017694983913 16000
1695831002439 -0.3074442247040192 20000
1695831049577 -0.2959485151114024 24000
1695831097089 -0.12275154100444782 28000
1695831144587 0.12093290056321172 32000
1695831191094 0.14211308454068325 36000
1695831240778 0.2612889229185195 40000
1695831287437 0.33936329629183526 44000
1695831333712 0.4120354228448206 48000
1695831380509 0.5244091005730357 52000
1695831430347 0.5517466553850681 56000
1695831477523 0.583113898099452 60000
1695831525650 0.6650530490520731 64000
1695831573051 0.7378916808349498 68000
1695831620311 0.7611040970310433 72000
1695831667730 0.7859984601218138 76000
1695831715822 0.829469087980166 80000
1695831762927 0.8390263825930279 84000
1695831811066 0.907392375640055 88000
1695831859685 0.9121743320591682 92000
1695831908127 0.9433554257832221 96000
1695831955818 0.9680848163848704 100000
1695832003107 0.9768923388588048 104000
1695832050388 1.0035574969498458 108000
1695832097600 1.0265301965439053 112000
1695832144876 1.0380228713541724 116000
1695832192601 1.0393769153961705 120000
