1695830818230 0.0 4000
1695830862818 0.0 8000
1695830907493 1.0 12000
1695830954072 11.0 16000
1695831002455 12.0 20000
1695831049600 13.0 24000
1695831097107 20.0 28000
1695831144604 24.0 32000
1695831191110 25.0 36000
1695831240796 30.0 40000
1695831287453 33.0 44000
1695831333728 36.0 48000
1695831380526 41.0 52000
1695831430369 44.0 56000
1695831477539 46.0 60000
1695831525667 51.0 64000
1695831573063 55.0 68000
1695831620327 56.0 72000
1695831667748 59.0 76000
1695831715837 64.0 80000
1695831762948 65.0 84000
1695831811083 71.0 88000
1695831859703 72.0 92000
1695831908146 76.0 96000
1695831955834 80.0 100000
1695832003137 82.0 104000
1695832050404 86.0 108000
1695832097609 90.0 112000
1695832144891 92.0 116000
1695832192632 96.0 120000
