1695830818219 nan 4000
1695830862802 nan 8000
1695830907481 -0.01925735789082378 12000
1695830954056 -1.4939999999999967 16000
1695831002439 -1.4939999999999967 20000
1695831049577 -1.4939999999999967 24000
1695831097088 -1.4939999999999967 28000
1695831144587 -1.4939999999999967 32000
1695831191094 -1.4939999999999967 36000
1695831240778 -1.4939999999999967 40000
1695831287437 -1.4939999999999967 44000
1695831333697 -1.4939999999999967 48000
1695831380509 -1.4939999999999967 52000
1695831430347 -1.4939999999999967 56000
1695831477523 -1.4939999999999967 60000
1695831525648 -1.4939999999999967 64000
1695831573051 -1.4939999999999967 68000
1695831620311 -1.4939999999999967 72000
1695831667730 -1.4939999999999967 76000
1695831715822 -1.4939999999999967 80000
1695831762925 -1.4939999999999967 84000
1695831811066 -1.4939999999999967 88000
1695831859677 -1.4939999999999967 92000
1695831908127 -1.4939999999999967 96000
1695831955818 -1.4939999999999967 100000
1695832003107 -1.4939999999999967 104000
1695832050388 -1.4939999999999967 108000
1695832097600 -1.4939999999999967 112000
1695832144876 -1.4939999999999967 116000
1695832192601 -1.4939999999999967 120000
