1695830818219 nan 4000
1695830862802 nan 8000
1695830907481 1099.0 12000
1695830954056 1175.0 16000
1695831002439 1112.25 20000
1695831049577 1125.1538461538462 24000
1695831097090 1179.35 28000
1695831144587 1125.6666666666667 32000
1695831191094 1113.44 36000
1695831240778 1141.2 40000
1695831287437 1153.8181818181818 44000
1695831333712 1152.4444444444443 48000
1695831380509 1150.2682926829268 52000
1695831430347 1159.1136363636363 56000
1695831477523 1164.3695652173913 60000
1695831525651 1175.7058823529412 64000
1695831573051 1163.4 68000
1695831620311 1155.8035714285713 72000
1695831667730 1162.1186440677966 76000
1695831715822 1171.328125 80000
1695831762927 1173.0 84000
1695831811066 1168.1408450704225 88000
1695831859685 1169.6944444444443 92000
1695831908127 1170.078947368421 96000
1695831955818 1175.575 100000
1695832003107 1178.121951219512 104000
1695832050388 1182.860465116279 108000
1695832097600 1187.1777777777777 112000
1695832144876 1189.195652173913 116000
1695832192601 1192.9791666666667 120000
