1695830818247 1.0 4000
1695830862833 2.0 8000
1695830907510 3.0 12000
1695830954072 4.0 16000
1695831002455 5.0 20000
1695831049609 6.0 24000
1695831097114 7.0 28000
1695831144604 8.0 32000
1695831191110 9.0 36000
1695831240796 10.0 40000
1695831287453 11.0 44000
1695831333728 12.0 48000
1695831380526 13.0 52000
1695831430379 14.0 56000
1695831477539 15.0 60000
1695831525674 16.0 64000
1695831573080 17.0 68000
1695831620327 18.0 72000
1695831667748 19.0 76000
1695831715854 20.0 80000
1695831762954 21.0 84000
1695831811083 22.0 88000
1695831859711 23.0 92000
1695831908160 24.0 96000
1695831955834 25.0 100000
1695832003139 26.0 104000
1695832050404 27.0 108000
1695832097625 28.0 112000
1695832144891 29.0 116000
1695832192632 30.0 120000
