1695830818230 4000.0 4000
1695830862818 4000.0 8000
1695830907493 4000.0 12000
1695830954072 4000.0 16000
1695831002455 4000.0 20000
1695831049600 4000.0 24000
1695831097105 4000.0 28000
1695831144604 4000.0 32000
1695831191110 4000.0 36000
1695831240796 4000.0 40000
1695831287453 4000.0 44000
1695831333712 4000.0 48000
1695831380526 4000.0 52000
1695831430369 4000.0 56000
1695831477539 4000.0 60000
1695831525664 4000.0 64000
1695831573063 4000.0 68000
1695831620327 4000.0 72000
1695831667748 4000.0 76000
1695831715837 4000.0 80000
1695831762945 4000.0 84000
1695831811083 4000.0 88000
1695831859701 4000.0 92000
1695831908146 4000.0 96000
1695831955834 4000.0 100000
1695832003123 4000.0 104000
1695832050404 4000.0 108000
1695832097609 4000.0 112000
1695832144891 4000.0 116000
1695832192616 4000.0 120000
