1695830818230 4000.0 4000
1695830862818 4000.0 8000
1695830907493 4000.0 12000
1695830954056 4000.0 16000
1695831002450 4000.0 20000
1695831049600 4000.0 24000
1695831097101 4000.0 28000
1695831144587 4000.0 32000
1695831191094 4000.0 36000
1695831240782 4000.0 40000
1695831287437 4000.0 44000
1695831333712 4000.0 48000
1695831380509 4000.0 52000
1695831430369 4000.0 56000
1695831477539 4000.0 60000
1695831525661 4000.0 64000
1695831573063 4000.0 68000
1695831620327 4000.0 72000
1695831667748 4000.0 76000
1695831715837 4000.0 80000
1695831762940 4000.0 84000
1695831811066 4000.0 88000
1695831859697 4000.0 92000
1695831908146 4000.0 96000
1695831955818 4000.0 100000
1695832003123 4000.0 104000
1695832050388 4000.0 108000
1695832097609 4000.0 112000
1695832144891 4000.0 116000
1695832192616 4000.0 120000
