1695830818230 98.82017114429605 4000
1695830862818 91.14119976009263 8000
1695830907493 91.04959588409243 12000
1695830954069 87.77201066712571 16000
1695831002455 85.08858377411471 20000
1695831049600 87.18319272693361 24000
1695831097103 86.63317644102005 28000
1695831144603 86.90745054295711 32000
1695831191110 88.69961941548925 36000
1695831240782 82.68165957227703 40000
1695831287453 88.31896658211153 44000
1695831333712 88.89547090639495 48000
1695831380526 88.07825389348828 52000
1695831430369 82.82284585744732 56000
1695831477539 87.42646223565475 60000
1695831525662 86.57152927083908 64000
1695831573063 87.24555244389941 68000
1695831620327 87.3899421529473 72000
1695831667748 87.17171396446743 76000
1695831715837 86.42791949451903 80000
1695831762942 87.57692133485136 84000
1695831811082 85.59263275936688 88000
1695831859698 85.3798647690328 92000
1695831908146 85.26422485071267 96000
1695831955834 86.2355051094997 100000
1695832003123 87.45819587767814 104000
1695832050388 87.83015595156661 108000
1695832097609 87.29043671045628 112000
1695832144891 87.35020708792534 116000
1695832192616 86.69341521374561 120000
