1695830818219 10.0 4000
1695830862802 10.0 8000
1695830907493 10.0 12000
1695830954056 10.0 16000
1695831002439 10.0 20000
1695831049593 10.0 24000
1695831097093 10.0 28000
1695831144587 10.0 32000
1695831191094 10.0 36000
1695831240782 10.0 40000
1695831287437 10.0 44000
1695831333712 10.0 48000
1695831380509 10.0 52000
1695831430363 10.0 56000
1695831477523 10.0 60000
1695831525653 10.0 64000
1695831573062 10.0 68000
1695831620311 10.0 72000
1695831667730 10.0 76000
1695831715837 10.0 80000
1695831762930 10.0 84000
1695831811066 10.0 88000
1695831859685 10.0 92000
1695831908127 10.0 96000
1695831955818 10.0 100000
1695832003123 10.0 104000
1695832050388 10.0 108000
1695832097609 10.0 112000
1695832144876 10.0 116000
1695832192616 10.0 120000
