1695830818230 4000.0 4000
1695830862818 8000.0 8000
1695830907493 12000.0 12000
1695830954056 16000.0 16000
1695831002450 20000.0 20000
1695831049593 24000.0 24000
1695831097098 28000.0 28000
1695831144587 32000.0 32000
1695831191094 36000.0 36000
1695831240782 40000.0 40000
1695831287437 44000.0 44000
1695831333712 48000.0 48000
1695831380509 52000.0 52000
1695831430363 56000.0 56000
1695831477523 60000.0 60000
1695831525658 64000.0 64000
1695831573063 68000.0 68000
1695831620311 72000.0 72000
1695831667730 76000.0 76000
1695831715837 80000.0 80000
1695831762936 84000.0 84000
1695831811066 88000.0 88000
1695831859695 92000.0 92000
1695831908146 96000.0 96000
1695831955818 100000.0 100000
1695832003123 104000.0 104000
1695832050388 108000.0 108000
1695832097609 112000.0 112000
1695832144876 116000.0 116000
1695832192616 120000.0 120000
