1695830818230 0.0 4000
1695830862818 0.0 8000
1695830907493 0.0 12000
1695830954056 0.0 16000
1695831002439 0.0 20000
1695831049593 0.0 24000
1695831097094 0.0 28000
1695831144587 0.0 32000
1695831191094 0.0 36000
1695831240782 0.0 40000
1695831287437 0.0 44000
1695831333712 0.0 48000
1695831380509 0.0 52000
1695831430363 0.0 56000
1695831477523 0.0 60000
1695831525654 0.0 64000
1695831573063 0.0 68000
1695831620311 0.0 72000
1695831667730 0.0 76000
1695831715837 0.0 80000
1695831762931 0.0 84000
1695831811066 0.0 88000
1695831859685 0.0 92000
1695831908127 0.0 96000
1695831955818 0.0 100000
1695832003123 0.0 104000
1695832050388 0.0 108000
1695832097609 0.0 112000
1695832144876 0.0 116000
1695832192616 0.0 120000
