1695830818247 22384.0 4000
1695830862833 22384.0 8000
1695830907510 22384.0 12000
1695830954072 22384.0 16000
1695831002455 22384.0 20000
1695831049609 22384.0 24000
1695831097112 22384.0 28000
1695831144604 22384.0 32000
1695831191110 22384.0 36000
1695831240796 22384.0 40000
1695831287453 22384.0 44000
1695831333728 22384.0 48000
1695831380526 22384.0 52000
1695831430379 22384.0 56000
1695831477539 22384.0 60000
1695831525672 22384.0 64000
1695831573080 22384.0 68000
1695831620327 22384.0 72000
1695831667748 22384.0 76000
1695831715854 22384.0 80000
1695831762952 22384.0 84000
1695831811083 22384.0 88000
1695831859709 22384.0 92000
1695831908160 22384.0 96000
1695831955834 22384.0 100000
1695832003139 22384.0 104000
1695832050404 22384.0 108000
1695832097625 22384.0 112000
1695832144891 22384.0 116000
1695832192632 22384.0 120000
