1695830818247 1695830818.0 4000
1695830862818 1695830862.0 8000
1695830907510 1695830906.0 12000
1695830954072 1695830953.0 16000
1695831002455 1695831001.0 20000
1695831049609 1695831048.0 24000
1695831097110 1695831096.0 28000
1695831144604 1695831143.0 32000
1695831191110 1695831189.0 36000
1695831240796 1695831239.0 40000
1695831287453 1695831286.0 44000
1695831333728 1695831332.0 48000
1695831380526 1695831379.0 52000
1695831430379 1695831429.0 56000
1695831477539 1695831476.0 60000
1695831525669 1695831524.0 64000
1695831573078 1695831571.0 68000
1695831620327 1695831619.0 72000
1695831667748 1695831666.0 76000
1695831715853 1695831714.0 80000
1695831762950 1695831761.0 84000
1695831811083 1695831809.0 88000
1695831859705 1695831858.0 92000
1695831908146 1695831906.0 96000
1695831955834 1695831954.0 100000
1695832003139 1695832001.0 104000
1695832050404 1695832048.0 108000
1695832097625 1695832096.0 112000
1695832144891 1695832143.0 116000
1695832192632 1695832191.0 120000
