1695830818230 4000.0 4000
1695830862818 8000.0 8000
1695830907493 12000.0 12000
1695830954069 16000.0 16000
1695831002455 20000.0 20000
1695831049600 24000.0 24000
1695831097104 28000.0 28000
1695831144604 32000.0 32000
1695831191110 36000.0 36000
1695831240795 40000.0 40000
1695831287453 44000.0 44000
1695831333712 48000.0 48000
1695831380526 52000.0 52000
1695831430369 56000.0 56000
1695831477539 60000.0 60000
1695831525663 64000.0 64000
1695831573063 68000.0 68000
1695831620327 72000.0 72000
1695831667748 76000.0 76000
1695831715837 80000.0 80000
1695831762943 84000.0 84000
1695831811083 88000.0 88000
1695831859699 92000.0 92000
1695831908146 96000.0 96000
1695831955834 100000.0 100000
1695832003123 104000.0 104000
1695832050388 108000.0 108000
1695832097609 112000.0 112000
1695832144891 116000.0 116000
1695832192616 120000.0 120000
