1695830818247 40.49328088760376 4000
1695830862833 43.892592430114746 8000
1695830907510 43.93210053443909 12000
1695830954072 45.577613830566406 16000
1695831002455 47.00983166694641 20000
1695831049609 45.899961709976196 24000
1695831097111 46.17519450187683 28000
1695831144604 46.04169321060181 32000
1695831191110 45.09602212905884 36000
1695831240796 48.37832260131836 40000
1695831287453 45.30739450454712 44000
1695831333728 45.012295722961426 48000
1695831380526 45.41416096687317 52000
1695831430379 48.29585313796997 56000
1695831477539 45.76836347579956 60000
1695831525670 46.210625886917114 64000
1695831573079 45.86323070526123 68000
1695831620327 45.77185773849487 72000
1695831667748 45.886444330215454 76000
1695831715854 46.28134083747864 80000
1695831762950 45.67413353919983 84000
1695831811083 46.75002336502075 88000
1695831859706 46.85649871826172 92000
1695831908146 46.92871570587158 96000
1695831955834 46.38460683822632 100000
1695832003139 45.75235056877136 104000
1695832050404 45.55804443359375 108000
1695832097625 45.824034690856934 112000
1695832144891 45.79267907142639 116000
1695832192632 46.143572092056274 120000
