1695830818247 40.49328088760376 4000
1695830862833 84.3858733177185 8000
1695830907510 128.3179738521576 12000
1695830954072 173.895587682724 16000
1695831002455 220.9054193496704 20000
1695831049609 266.8053810596466 24000
1695831097113 312.98057556152344 28000
1695831144604 359.02226877212524 32000
1695831191110 404.1182909011841 36000
1695831240796 452.49661350250244 40000
1695831287453 497.80400800704956 44000
1695831333728 542.816303730011 48000
1695831380526 588.2304646968842 52000
1695831430379 636.5263178348541 56000
1695831477539 682.2946813106537 60000
1695831525673 728.5053071975708 64000
1695831573080 774.368537902832 68000
1695831620327 820.1403956413269 72000
1695831667748 866.0268399715424 76000
1695831715854 912.308180809021 80000
1695831762953 957.9823143482208 84000
1695831811083 1004.7323377132416 88000
1695831859710 1051.5888364315033 92000
1695831908160 1098.5175521373749 96000
1695831955834 1144.9021589756012 100000
1695832003139 1190.6545095443726 104000
1695832050404 1236.2125539779663 108000
1695832097625 1282.0365886688232 112000
1695832144891 1327.8292677402496 116000
1695832192632 1373.972839832306 120000
