1695836266581 0.0 16000
1695836314157 0.0 20000
1695836360645 0.0 24000
1695836417954 0.0 28000
1695836468614 0.0 32000
1695836516384 0.0 36000
1695836563010 0.0 40000
1695836609862 0.0 44000
1695836657142 0.0 48000
1695836704697 0.0 52000
1695836751580 0.0 56000
1695836798777 0.0 60000
1695836847019 0.0 64000
1695836894669 0.0 68000
1695836941851 0.0 72000
1695836989139 0.0 76000
1695837036051 0.0 80000
1695837083383 0.0 84000
1695837129681 0.0 88000
1695837177225 0.0 92000
1695837225450 0.0 96000
1695837273015 0.0 100000
1695837319306 0.0 104000
1695837366037 0.0 108000
1695837413570 0.0 112000
1695837464432 0.0 116000
1695837514613 0.0 120000
1695837563437 0.0 124000
1695837610615 0.0 128000
1695837658351 0.0 132000
1695837706050 0.0 136000
1695837753533 0.0 140000
1695837803733 0.0 144000
1695837852105 0.0 148000
1695837899889 0.0 152000
1695837947062 0.0 156000
1695837993972 0.0 160000
1695838041508 0.0 164000
1695838089605 0.0 168000
1695838138675 0.0 172000
1695838190523 0.0 176000
