1695836266581 0.1 16000
1695836314157 0.1 20000
1695836360645 0.18181818181818182 24000
1695836417938 0.1 28000
1695836468614 0.14285714285714285 32000
1695836516384 0.17391304347826086 36000
1695836563010 0.13333333333333333 40000
1695836609862 0.16129032258064516 44000
1695836657142 0.23529411764705882 48000
1695836704697 0.225 52000
1695836751580 0.21951219512195122 56000
1695836798776 0.2391304347826087 60000
1695836847019 0.24 64000
1695836894669 0.2549019607843137 68000
1695836941851 0.2631578947368421 72000
1695836989123 0.26666666666666666 76000
1695837036051 0.25806451612903225 80000
1695837083383 0.2537313432835821 84000
1695837129681 0.2535211267605634 88000
1695837177225 0.2638888888888889 92000
1695837225450 0.25 96000
1695837273014 0.24390243902439024 100000
1695837319306 0.25 104000
1695837366037 0.2441860465116279 108000
1695837413570 0.23076923076923078 112000
1695837464432 0.24210526315789474 116000
1695837514613 0.25252525252525254 120000
1695837563437 0.25 124000
1695837610615 0.25 128000
1695837658350 0.25 132000
1695837706050 0.24 136000
1695837753533 0.24 140000
1695837803733 0.25 144000
1695837852105 0.23 148000
1695837899889 0.24 152000
1695837947062 0.25 156000
1695837993972 0.23 160000
1695838041508 0.21 164000
1695838089605 0.2 168000
1695838138675 0.2 172000
1695838190522 0.18 176000
