1695836266581 1.0 16000
1695836314157 1.0 20000
1695836360645 1.0 24000
1695836417955 1.0 28000
1695836468614 1.0 32000
1695836516384 1.0 36000
1695836563010 1.0 40000
1695836609862 1.0 44000
1695836657142 1.0 48000
1695836704697 1.0 52000
1695836751580 1.0 56000
1695836798778 1.0 60000
1695836847020 1.0 64000
1695836894669 1.0 68000
1695836941851 1.0 72000
1695836989139 1.0 76000
1695837036051 1.0 80000
1695837083383 1.0 84000
1695837129681 1.0 88000
1695837177225 1.0 92000
1695837225450 1.0 96000
1695837273016 1.0 100000
1695837319307 1.0 104000
1695837366052 1.0 108000
1695837413570 1.0 112000
1695837464432 1.0 116000
1695837514613 1.0 120000
1695837563437 1.0 124000
1695837610631 1.0 128000
1695837658352 1.0 132000
1695837706050 1.0 136000
1695837753548 1.0 140000
1695837803733 1.0 144000
1695837852105 1.0 148000
1695837899889 1.0 152000
1695837947062 1.0 156000
1695837993972 1.0 160000
1695838041508 1.0 164000
1695838089605 1.0 168000
1695838138675 1.0 172000
1695838190524 1.0 176000
