1695836126052 479.5 4000
1695836171569 479.5 8000
1695836219022 479.5 12000
1695836266661 479.5 16000
1695836314237 479.5 20000
1695836360728 479.5 24000
1695836418034 479.5 28000
1695836468678 479.5 32000
1695836516458 479.5 36000
1695836563080 479.5 40000
1695836609926 479.5 44000
1695836657212 479.5 48000
1695836704775 479.5 52000
1695836751643 479.5 56000
1695836798842 479.5 60000
1695836847096 479.5 64000
1695836894741 479.5 68000
1695836941929 479.5 72000
1695836989203 479.5 76000
1695837036129 479.5 80000
1695837083461 479.5 84000
1695837129761 479.5 88000
1695837177306 479.5 92000
1695837225532 479.5 96000
1695837273086 479.5 100000
1695837319370 479.5 104000
1695837366123 479.5 108000
1695837413641 479.5 112000
1695837464496 479.5 116000
1695837514698 479.5 120000
1695837563518 479.5 124000
1695837610694 479.5 128000
1695837658417 479.5 132000
1695837706127 479.5 136000
1695837753628 479.5 140000
1695837803812 479.5 144000
1695837852185 479.5 148000
1695837899953 479.5 152000
1695837947140 479.5 156000
1695837994035 479.5 160000
1695838041588 479.5 164000
1695838089685 479.5 168000
1695838138757 479.5 172000
1695838190598 479.5 176000
