1695836126050 480.5 4000
1695836171569 1440.5 8000
1695836219021 2400.5 12000
1695836266645 3360.5 16000
1695836314237 4320.5 20000
1695836360728 5280.5 24000
1695836418034 6240.5 28000
1695836468678 7200.5 32000
1695836516443 8160.5 36000
1695836563080 9120.5 40000
1695836609926 10080.5 44000
1695836657212 11040.5 48000
1695836704760 12000.5 52000
1695836751643 12960.5 56000
1695836798842 13920.5 60000
1695836847095 14880.5 64000
1695836894741 15840.5 68000
1695836941929 16800.5 72000
1695836989203 17760.5 76000
1695837036129 18720.5 80000
1695837083461 19680.5 84000
1695837129761 20640.5 88000
1695837177306 21600.5 92000
1695837225532 22560.5 96000
1695837273086 23520.5 100000
1695837319370 24480.5 104000
1695837366123 25440.5 108000
1695837413641 26400.5 112000
1695837464496 27360.5 116000
1695837514697 28320.5 120000
1695837563516 29280.5 124000
1695837610694 30240.5 128000
1695837658417 31200.5 132000
1695837706127 32160.5 136000
1695837753628 33120.5 140000
1695837803812 34080.5 144000
1695837852185 35040.5 148000
1695837899953 36000.5 152000
1695837947140 36960.5 156000
1695837994035 37920.5 160000
1695838041588 38880.5 164000
1695838089685 39840.5 168000
1695838138757 40800.5 172000
1695838190597 41760.5 176000
