1695827606685 0.8556562499999999 8000
1695827652145 0.8556562499999999 12000
1695827698643 1.5150500000000076 16000
1695827745540 1.5150500000000076 20000
1695827792022 1.5150500000000076 24000
1695827839249 1.5150500000000076 28000
1695827885958 1.5150500000000076 32000
1695827933136 2.3939780335440664 36000
1695827979291 2.3939780335440664 40000
1695828025202 2.3939780335440664 44000
1695828071951 2.3939780335440664 48000
1695828118398 2.3939780335440664 52000
1695828164265 2.3939780335440664 56000
1695828210833 2.3939780335440664 60000
1695828256981 2.3939780335440664 64000
1695828305485 2.3939780335440664 68000
1695828352092 2.3939780335440664 72000
1695828397948 2.3939780335440664 76000
1695828444983 2.3939780335440664 80000
1695828491380 2.3939780335440664 84000
1695828538049 2.3939780335440664 88000
1695828584097 2.3939780335440664 92000
1695828632022 2.3939780335440664 96000
1695828678716 2.3939780335440664 100000
1695828725513 2.3939780335440664 104000
1695828771432 2.719771362816176 108000
1695828818197 2.719771362816176 112000
1695828865350 2.719771362816176 116000
1695828911365 2.719771362816176 120000
1695828958006 2.719771362816176 124000
1695829004792 2.719771362816176 128000
1695829052176 2.719771362816176 132000
1695829099170 2.719771362816176 136000
1695829146299 2.719771362816176 140000
1695829193371 2.719771362816176 144000
1695829239904 2.719771362816176 148000
1695829287431 2.719771362816176 152000
1695829334791 2.719771362816176 156000
1695829382920 2.719771362816176 160000
1695829431153 2.719771362816176 164000
