1695827606686 0.721500000000003 8000
1695827652145 0.721500000000003 12000
1695827698643 1.4670499999999929 16000
1695827745540 1.4670499999999929 20000
1695827792023 1.4670499999999929 24000
1695827839249 1.6789346144425836 28000
1695827885958 1.6789346144425836 32000
1695827933136 1.6789346144425836 36000
1695827979291 1.6789346144425836 40000
1695828025202 1.6789346144425836 44000
1695828071951 1.8679346144425917 48000
1695828118398 1.8679346144425917 52000
1695828164265 1.8679346144425917 56000
1695828210833 1.8679346144425917 60000
1695828256981 1.8679346144425917 64000
1695828305485 1.8679346144425917 68000
1695828352092 1.8679346144425917 72000
1695828397948 1.8679346144425917 76000
1695828444983 1.8679346144425917 80000
1695828491381 1.8679346144425917 84000
1695828538049 1.989193237816169 88000
1695828584097 1.989193237816169 92000
1695828632023 1.989193237816169 96000
1695828678716 1.989193237816169 100000
1695828725513 1.989193237816169 104000
1695828771432 2.0011932378161696 108000
1695828818197 2.0011932378161696 112000
1695828865350 2.0011932378161696 116000
1695828911367 2.0011932378161696 120000
1695828958006 2.0011932378161696 124000
1695829004792 2.0011932378161696 128000
1695829052176 2.0011932378161696 132000
1695829099170 2.0011932378161696 136000
1695829146299 2.0011932378161696 140000
1695829193371 2.0011932378161696 144000
1695829239904 2.0011932378161696 148000
1695829287431 2.0011932378161696 152000
1695829334792 2.0071932378152035 156000
1695829382920 2.0071932378152035 160000
1695829431154 2.0071932378152035 164000
