1695839678122 3.6939565871820683 16000
1695839711588 3.6939565871820683 20000
1695839744881 3.6807109983860804 24000
1695839779377 3.736119729370917 28000
1695839814024 3.736119729370917 32000
1695839850688 3.7444825458622346 36000
1695839886532 3.792572004644659 40000
1695839924058 3.7997444072714393 44000
1695839959765 3.8070328357380108 48000
1695839995897 3.842370587040302 52000
1695840031118 3.8422754680895848 56000
1695840065199 3.847438474518931 60000
1695840100423 3.8676617412225758 64000
1695840134545 3.8707591990561308 68000
1695840169095 3.8713770190014993 72000
1695840204661 3.887461345873869 76000
1695840240092 3.8935323067589658 80000
1695840276931 3.899013427550442 84000
1695840312976 3.904829511447403 88000
1695840348353 3.9135698347429577 92000
1695840382525 3.9222338303453546 96000
1695840416492 3.935638551595829 100000
1695840451456 3.953380153336663 104000
1695840486165 3.967318802962904 108000
1695840521183 3.9804843535754055 112000
1695840555337 3.9869600519784387 116000
1695840589291 3.996057917217159 120000
