1695839678122 0.16978684996605514 16000
1695839711588 0.16978684996605514 20000
1695839744881 0.1716000040428499 24000
1695839779377 0.16858991284403416 28000
1695839814024 0.16858991284403416 32000
1695839850688 0.17220430345921114 36000
1695839886532 0.16978903251816962 40000
1695839924059 0.16880953280405586 44000
1695839959765 0.171432897418448 48000
1695839995913 0.17331247133977346 52000
1695840031119 0.1736183985100415 56000
1695840065199 0.17358215832707316 60000
1695840100424 0.1753020530498864 64000
1695840134545 0.1754466996257979 68000
1695840169096 0.17586984389259427 72000
1695840204676 0.17605137134352644 76000
1695840240093 0.17706567512643495 80000
1695840276932 0.17760441898163243 84000
1695840312976 0.17884778993702835 88000
1695840348354 0.17983066158017963 92000
1695840382525 0.18015906000268322 96000
1695840416492 0.1809412895486052 100000
1695840451456 0.18283896466686386 104000
1695840486165 0.18341714927651598 108000
1695840521183 0.18548711407855958 112000
1695840555337 0.18555725352935898 116000
1695840589291 0.18754669897398574 120000
