1695839678122 0.5421003649042667 16000
1695839711588 0.5421003649042667 20000
1695839744865 0.5454747973702129 24000
1695839779377 0.5461985280495845 28000
1695839814024 0.5461985280495845 32000
1695839850688 0.5486863517489133 36000
1695839886532 0.5524018134629725 40000
1695839924057 0.5534997630106817 44000
1695839959765 0.5560808953855827 48000
1695839995897 0.5606425881439331 52000
1695840031117 0.5595550807393153 56000
1695840065199 0.5605647420707603 60000
1695840100422 0.5628999076314928 64000
1695840134545 0.5631565445173907 68000
1695840169092 0.5627854334325062 72000
1695840204661 0.5637094805742919 76000
1695840240091 0.5642325077656496 80000
1695840276930 0.5651525018845867 84000
1695840312976 0.5662892251077837 88000
1695840348352 0.5668575411813026 92000
1695840382525 0.5681597537407747 96000
1695840416492 0.5687686331495581 100000
1695840451456 0.5699473596226666 104000
1695840486165 0.5739909278499904 108000
1695840521183 0.5762691395156325 112000
1695840555337 0.5778976009303856 116000
1695840589291 0.5794423547120302 120000
