1695832489615 0.1935752404917289 12000
1695832536910 0.1871774615383436 16000
1695832583909 0.1871774615383436 20000
1695832630989 0.18463003314081244 24000
1695832679513 0.18910918360761592 28000
1695832726550 0.18910918360761592 32000
1695832772795 0.18781351611685657 36000
1695832820058 0.1897826430754359 40000
1695832867829 0.1897826430754359 44000
1695832915165 0.18826185885671626 48000
1695832962219 0.18974381691931333 52000
1695833010538 0.1897636886360774 56000
1695833058428 0.1894952356028416 60000
1695833105380 0.1901001020933659 64000
1695833151651 0.19051777311715865 68000
1695833198051 0.19043805818694864 72000
1695833244533 0.18993400275211483 76000
1695833290643 0.18986306827903626 80000
1695833336867 0.19023978581460546 84000
1695833383429 0.1894347055479938 88000
1695833431298 0.1900013038203835 92000
1695833480089 0.18992113654973236 96000
1695833527592 0.18971870167142763 100000
1695833575292 0.18994583941103954 104000
1695833622030 0.18982406560027626 108000
1695833668647 0.18964495135444964 112000
1695833716541 0.189663001805236 116000
1695833763177 0.18990613315948926 120000
1695833810036 0.1899080560579963 124000
1695833857725 0.18955012057862397 128000
1695833906465 0.1895897271793579 132000
1695833954094 0.1898356416492658 136000
1695834000618 0.18942176197526656 140000
1695834047790 0.18941045015521382 144000
1695834094393 0.18942838936037776 148000
1695834141877 0.18882174342357674 152000
1695834188724 0.1887590321074489 156000
1695834235383 0.1888128959200278 160000
1695834282275 0.18843766043119264 164000
