1695832489615 3.655388392973303 12000
1695832536910 3.789668040455096 16000
1695832583909 3.789668040455096 20000
1695832630989 3.8036624297945587 24000
1695832679497 3.8299003524060873 28000
1695832726550 3.8299003524060873 32000
1695832772795 3.8371108512266914 36000
1695832820058 3.845154765011327 40000
1695832867829 3.845154765011327 44000
1695832915165 3.842099697880966 48000
1695832962218 3.8502185033048084 52000
1695833010537 3.8497337309670687 56000
1695833058428 3.84958782154958 60000
1695833105380 3.859640862291012 64000
1695833151651 3.86087008079221 68000
1695833198037 3.8633579991354483 72000
1695833244533 3.8622406218976204 76000
1695833290643 3.86198598348596 80000
1695833336867 3.86422673678235 84000
1695833383413 3.863304095933211 88000
1695833431298 3.8649855897500998 92000
1695833480089 3.8670018039535377 96000
1695833527592 3.868571921873705 100000
1695833575291 3.8690202873722725 104000
1695833622029 3.870372868748085 108000
1695833668646 3.871787228373513 112000
1695833716539 3.8712407979547963 116000
1695833763176 3.872937987597201 120000
1695833810035 3.878505367127721 124000
1695833857724 3.8853983457928805 128000
1695833906464 3.8856573596073365 132000
1695833954093 3.885556361329169 136000
1695834000617 3.8880289516654454 140000
1695834047789 3.8876765623939753 144000
1695834094392 3.8877359424337037 148000
1695834141876 3.888178434655406 152000
1695834188723 3.8894741479782646 156000
1695834235382 3.8910216100709647 160000
1695834282274 3.8917359180598536 164000
