1695832489615 0.0 12000
1695832536910 0.0 16000
1695832583909 0.0 20000
1695832630989 0.0 24000
1695832679513 0.0 28000
1695832726550 0.0 32000
1695832772795 0.0 36000
1695832820073 0.0 40000
1695832867829 0.0 44000
1695832915181 0.0 48000
1695832962221 0.0 52000
1695833010539 0.0 56000
1695833058428 0.0 60000
1695833105380 0.0 64000
1695833151651 0.0 68000
1695833198053 0.0 72000
1695833244537 0.0 76000
1695833290643 0.0 80000
1695833336867 0.0 84000
1695833383429 0.0 88000
1695833431298 0.0 92000
1695833480089 0.0 96000
1695833527592 0.0 100000
1695833575293 0.0 104000
1695833622032 0.0 108000
1695833668649 0.0 112000
1695833716542 0.0 116000
1695833763179 0.0 120000
1695833810038 0.0 124000
1695833857727 0.0 128000
1695833906467 0.0 132000
1695833954096 0.0 136000
1695834000620 0.0 140000
1695834047791 0.0 144000
1695834094395 0.0 148000
1695834141878 0.0 152000
1695834188726 0.0 156000
1695834235385 0.0 160000
1695834282277 0.0 164000
