1695832489615 0.5633884623683958 12000
1695832536910 0.53890065100774 16000
1695832583909 0.53890065100774 20000
1695832630989 0.5469638952788709 24000
1695832679497 0.53761071351189 28000
1695832726550 0.53761071351189 32000
1695832772787 0.5395809356776246 36000
1695832820058 0.5422583895856925 40000
1695832867829 0.5422583895856925 44000
1695832915165 0.5445709860591446 48000
1695832962217 0.5448385120803624 52000
1695833010536 0.5464218771238128 56000
1695833058421 0.5474708862521536 60000
1695833105380 0.5474746257463451 64000
1695833151651 0.5479570542533808 68000
1695833198037 0.5484375880296412 72000
1695833244517 0.5491874788577252 76000
1695833290643 0.5496796403537729 80000
1695833336867 0.5494671702697221 84000
1695833383413 0.5506297817790267 88000
1695833431298 0.5515724465734878 92000
1695833480088 0.5504445027242191 96000
1695833527592 0.5515831323856173 100000
1695833575290 0.552950438674694 104000
1695833622028 0.5516898135032252 108000
1695833668645 0.5525899493669968 112000
1695833716539 0.5532063041680406 116000
1695833763175 0.55334284884555 120000
1695833810034 0.5539277087819103 124000
1695833857724 0.5549641710833675 128000
1695833906463 0.5550752345436756 132000
1695833954092 0.5539254429702666 136000
1695834000616 0.5580890905637901 140000
1695834047788 0.5589394057241033 144000
1695834094391 0.5578156225653947 148000
1695834141875 0.5592826543202829 152000
1695834188722 0.5594452415116459 156000
1695834235381 0.5579977111028523 160000
1695834282273 0.5598263078028466 164000
