1695832489615 0.24265095554323218 12000
1695832536910 0.22495057267791682 16000
1695832583909 0.22495057267791682 20000
1695832630989 0.22364412289686536 24000
1695832679513 0.22324852384450866 28000
1695832726550 0.22324852384450866 32000
1695832772795 0.22406782878375345 36000
1695832820073 0.2219613755440999 40000
1695832867829 0.2219613755440999 44000
1695832915165 0.22368690330211505 48000
1695832962219 0.22258238470520786 52000
1695833010538 0.2225104417478723 56000
1695833058428 0.22386763788721764 60000
1695833105380 0.22326250666444714 64000
1695833151651 0.2225770957780459 68000
1695833198051 0.22328993506610562 72000
1695833244533 0.22285915735896908 76000
1695833290643 0.2226081146316193 80000
1695833336867 0.2227906921298023 84000
1695833383429 0.22257946655500999 88000
1695833431298 0.22262017811586543 92000
1695833480089 0.22237143526469755 96000
1695833527592 0.2225578348338369 100000
1695833575293 0.22259275219519806 104000
1695833622031 0.2220966812815298 108000
1695833668648 0.2223389524287019 112000
1695833716541 0.2226879674475186 116000
1695833763178 0.22208140240409086 120000
1695833810037 0.22219821299342626 124000
1695833857726 0.2216174967637016 128000
1695833906466 0.22127022147772307 132000
1695833954095 0.22179359846974525 136000
1695834000619 0.22207331311727496 140000
1695834047791 0.22186080427122623 144000
1695834094394 0.22179320764311147 148000
1695834141878 0.22235368471540082 152000
1695834188725 0.2228167086442435 156000
1695834235384 0.22177200474136322 160000
1695834282276 0.2228910105088376 164000
