1695830818247 4000.0 4000
1695830862833 8000.0 8000
1695830907541 12000.0 12000
1695830954103 16000.0 16000
1695831002488 20000.0 20000
1695831049624 24000.0 24000
1695831097140 28000.0 28000
1695831144636 32000.0 32000
1695831191141 36000.0 36000
1695831240827 40000.0 40000
1695831287484 44000.0 44000
1695831333759 48000.0 48000
1695831380557 52000.0 52000
1695831430410 56000.0 56000
1695831477571 60000.0 60000
1695831525727 64000.0 64000
1695831573101 68000.0 68000
1695831620358 72000.0 72000
1695831667780 76000.0 76000
1695831715870 80000.0 80000
1695831762978 84000.0 84000
1695831811115 88000.0 88000
1695831859726 92000.0 92000
1695831908187 96000.0 96000
1695831955865 100000.0 100000
1695832003170 104000.0 104000
1695832050435 108000.0 108000
1695832097640 112000.0 112000
1695832144923 116000.0 116000
1695832192648 120000.0 120000
