1695836125861 0.0 4000
1695836171425 0.0 8000
1695836218848 0.0 12000
1695836266405 0.0 16000
1695836314013 0.0 20000
1695836360484 0.0 24000
1695836417760 0.0 28000
1695836468446 0.0 32000
1695836516220 0.0 36000
1695836562851 0.0 40000
1695836609704 0.0 44000
1695836656983 0.0 48000
1695836704538 0.0 52000
1695836751417 0.0 56000
1695836798622 0.0 60000
1695836846859 0.0 64000
1695836894507 0.0 68000
1695836941690 0.0 72000
1695836988965 0.0 76000
1695837035891 0.0 80000
1695837083223 0.0 84000
1695837129522 0.0 88000
1695837177065 0.0 92000
1695837225293 0.0 96000
1695837272849 0.0 100000
1695837319140 0.0 104000
1695837365883 0.0 108000
1695837413414 0.0 112000
1695837464278 0.0 116000
1695837514455 0.0 120000
1695837563271 0.0 124000
1695837610472 0.0 128000
1695837658182 0.0 132000
1695837705895 0.0 136000
1695837753390 0.0 140000
1695837803573 0.0 144000
1695837851963 0.0 148000
1695837899731 0.0 152000
1695837946901 0.0 156000
1695837993812 0.0 160000
1695838041350 0.0 164000
1695838089429 0.0 168000
1695838138517 0.0 172000
1695838190364 0.0 176000
