1695836125836 nan 4000
1695836171394 nan 8000
1695836218829 nan 12000
1695836266389 1.8387905335440786 16000
1695836313998 1.8387905335440786 20000
1695836360467 2.091622114442603 24000
1695836417733 2.091622114442603 28000
1695836468430 2.091622114442603 32000
1695836516203 2.106536987816189 36000
1695836562842 2.106536987816189 40000
1695836609688 2.106536987816189 44000
1695836656967 2.2789744878161864 48000
1695836704521 2.2789744878161864 52000
1695836751401 2.2789744878161864 56000
1695836798602 2.5411619878161824 60000
1695836846840 2.5411619878161824 64000
1695836894493 2.6556307378161765 68000
1695836941675 2.6556307378161765 72000
1695836988949 2.6556307378161765 76000
1695837035876 2.6556307378161765 80000
1695837083207 2.6556307378161765 84000
1695837129506 2.6556307378161765 88000
1695837177058 2.6556307378161765 92000
1695837225273 2.6556307378161765 96000
1695837272829 2.8272557378161727 100000
1695837319124 2.8272557378161727 104000
1695837365862 2.8272557378161727 108000
1695837413392 2.8272557378161727 112000
1695837464258 2.8272557378161727 116000
1695837514438 2.8272557378161727 120000
1695837563256 2.8272557378161727 124000
1695837610456 2.8272557378161727 128000
1695837658166 2.8272557378161727 132000
1695837705879 2.8272557378161727 136000
1695837753374 2.8272557378161727 140000
1695837803558 2.8272557378161727 144000
1695837851931 2.8272557378161727 148000
1695837899715 2.8272557378161727 152000
1695837946888 2.8272557378161727 156000
1695837993793 2.8272557378161727 160000
1695838041334 2.8272557378161727 164000
1695838089413 2.8272557378161727 168000
1695838138501 2.8272557378161727 172000
1695838190338 2.8272557378161727 176000
