1695836125838 nan 4000
1695836171410 nan 8000
1695836218831 nan 12000
1695836266389 1.1978100981359432 16000
1695836313998 1.1978100981359432 20000
1695836360467 1.2790657359820032 24000
1695836417733 1.3177214635711483 28000
1695836468430 1.322790530782046 32000
1695836516203 1.3308320927930066 36000
1695836562844 1.3726004706349015 40000
1695836609688 1.3929331002213947 44000
1695836656967 1.4514717157094719 48000
1695836704521 1.4457618634253318 52000
1695836751401 1.451418726215353 56000
1695836798604 1.497781320132483 60000
1695836846843 1.5241964471462968 64000
1695836894497 1.5463814332378631 68000
1695836941675 1.5853429828425996 72000
1695836988949 1.6095808080912788 76000
1695837035876 1.6117941122759536 80000
1695837083207 1.6073123848861777 84000
1695837129506 1.6141522464904579 88000
1695837177060 1.6190957411616484 92000
1695837225275 1.629314574888551 96000
1695837272829 1.653768773343352 100000
1695837319124 1.6658997873784192 104000
1695837365862 1.6697834618151657 108000
1695837413392 1.6708368205205388 112000
1695837464260 1.6761089684000148 116000
1695837514439 1.6937832791129075 120000
1695837563256 1.7280533719489943 124000
1695837610456 1.7370803043271559 128000
1695837658166 1.7439208330334792 132000
1695837705879 1.7750723553025642 136000
1695837753374 1.7769723553025643 140000
1695837803558 1.7992222437926235 144000
1695837851947 1.8282328846771088 148000
1695837899715 1.8547964369334418 152000
1695837946888 1.8655410889761626 156000
1695837993796 1.862190706459898 160000
1695838041334 1.870265508716221 164000
1695838089413 1.8887158085781182 168000
1695838138501 1.8933758085781178 172000
1695838190338 1.8852358085781182 176000
