1695836125837 nan 4000
1695836171394 nan 8000
1695836218830 nan 12000
1695836266389 0.5929999999999997 16000
1695836313998 0.5929999999999997 20000
1695836360467 0.5929999999999997 24000
1695836417733 0.5929999999999997 28000
1695836468430 0.5929999999999997 32000
1695836516203 0.5929999999999997 36000
1695836562843 0.5929999999999997 40000
1695836609688 0.5929999999999997 44000
1695836656967 0.5929999999999997 48000
1695836704521 0.5929999999999997 52000
1695836751401 0.5929999999999997 56000
1695836798603 0.5929999999999997 60000
1695836846841 0.5929999999999997 64000
1695836894496 0.5929999999999997 68000
1695836941675 0.5929999999999997 72000
1695836988949 0.5929999999999997 76000
1695837035876 0.5929999999999997 80000
1695837083207 0.4309999999999995 84000
1695837129506 0.4309999999999995 88000
1695837177059 0.4309999999999995 92000
1695837225274 0.4309999999999995 96000
1695837272829 0.4309999999999995 100000
1695837319124 0.4309999999999995 104000
1695837365862 0.4309999999999995 108000
1695837413392 0.4309999999999995 112000
1695837464259 0.4309999999999995 116000
1695837514439 0.4309999999999995 120000
1695837563256 0.4309999999999995 124000
1695837610456 0.4309999999999995 128000
1695837658166 0.4309999999999995 132000
1695837705879 0.4309999999999995 136000
1695837753374 0.4309999999999995 140000
1695837803558 0.4309999999999995 144000
1695837851947 0.4309999999999995 148000
1695837899715 0.4309999999999995 152000
1695837946888 0.4309999999999995 156000
1695837993796 0.4309999999999995 160000
1695838041334 0.4309999999999995 164000
1695838089413 0.4309999999999995 168000
1695838138501 0.4309999999999995 172000
1695838190338 0.4309999999999995 176000
