1695836125839 nan 4000
1695836171410 nan 8000
1695836218832 nan 12000
1695836266389 1277.2 16000
1695836313998 1277.2 20000
1695836360467 1251.6363636363637 24000
1695836417733 1264.4 28000
1695836468441 1230.5238095238096 32000
1695836516203 1223.0869565217392 36000
1695836562845 1236.3666666666666 40000
1695836609688 1233.4516129032259 44000
1695836656967 1192.5294117647059 48000
1695836704521 1204.675 52000
1695836751401 1206.5121951219512 56000
1695836798605 1190.8478260869565 60000
1695836846843 1191.52 64000
1695836894498 1176.078431372549 68000
1695836941675 1168.280701754386 72000
1695836988949 1158.8333333333333 76000
1695837035876 1162.741935483871 80000
1695837083207 1166.6119402985075 84000
1695837129506 1169.619718309859 88000
1695837177061 1168.9722222222222 92000
1695837225276 1174.8157894736842 96000
1695837272829 1169.3902439024391 100000
1695837319124 1163.8095238095239 104000
1695837365862 1166.5116279069769 108000
1695837413392 1172.7472527472528 112000
1695837464261 1160.6526315789474 116000
1695837514439 1146.0707070707072 120000
1695837563256 1139.07 124000
1695837610456 1139.07 128000
1695837658166 1139.07 132000
1695837705879 1141.91 136000
1695837753374 1141.91 140000
1695837803558 1135.37 144000
1695837851947 1145.34 148000
1695837899715 1139.68 152000
1695837946888 1136.24 156000
1695837993796 1141.67 160000
1695838041334 1152.89 164000
1695838089413 1153.28 168000
1695838138501 1153.28 172000
1695838190338 1164.16 176000
