1695836125841 0.0 4000
1695836171410 0.0 8000
1695836218833 0.0 12000
1695836266389 10.0 16000
1695836313998 0.0 20000
1695836360467 1.0 24000
1695836417733 9.0 28000
1695836468441 1.0 32000
1695836516203 2.0 36000
1695836562846 7.0 40000
1695836609688 1.0 44000
1695836656967 3.0 48000
1695836704521 6.0 52000
1695836751401 1.0 56000
1695836798606 5.0 60000
1695836846844 4.0 64000
1695836894499 1.0 68000
1695836941675 6.0 72000
1695836988965 3.0 76000
1695837035876 2.0 80000
1695837083207 5.0 84000
1695837129506 4.0 88000
1695837177062 1.0 92000
1695837225277 4.0 96000
1695837272829 6.0 100000
1695837319124 2.0 104000
1695837365862 2.0 108000
1695837413392 5.0 112000
1695837464262 4.0 116000
1695837514439 4.0 120000
1695837563256 6.0 124000
1695837610456 1.0 128000
1695837658166 2.0 132000
1695837705879 6.0 136000
1695837753374 1.0 140000
1695837803558 3.0 144000
1695837851947 5.0 148000
1695837899715 3.0 152000
1695837946888 4.0 156000
1695837993796 2.0 160000
1695838041334 3.0 164000
1695838089413 4.0 168000
1695838138501 3.0 172000
1695838190338 3.0 176000
