1695836125862 0.0 4000
1695836171425 0.0 8000
1695836218849 0.0 12000
1695836266405 10.0 16000
1695836314013 10.0 20000
1695836360484 11.0 24000
1695836417760 20.0 28000
1695836468446 21.0 32000
1695836516220 23.0 36000
1695836562851 30.0 40000
1695836609704 31.0 44000
1695836656983 34.0 48000
1695836704538 40.0 52000
1695836751425 41.0 56000
1695836798623 46.0 60000
1695836846860 50.0 64000
1695836894507 51.0 68000
1695836941690 57.0 72000
1695836988980 60.0 76000
1695837035891 62.0 80000
1695837083223 67.0 84000
1695837129522 71.0 88000
1695837177065 72.0 92000
1695837225294 76.0 96000
1695837272849 82.0 100000
1695837319140 84.0 104000
1695837365883 86.0 108000
1695837413415 91.0 112000
1695837464279 95.0 116000
1695837514460 99.0 120000
1695837563271 105.0 124000
1695837610472 106.0 128000
1695837658182 108.0 132000
1695837705895 114.0 136000
1695837753390 115.0 140000
1695837803573 118.0 144000
1695837851963 123.0 148000
1695837899731 126.0 152000
1695837946901 130.0 156000
1695837993812 132.0 160000
1695838041350 135.0 164000
1695838089429 139.0 168000
1695838138517 142.0 172000
1695838190365 145.0 176000
