1695836125871 1.0 4000
1695836171425 2.0 8000
1695836218855 3.0 12000
1695836266422 4.0 16000
1695836314025 5.0 20000
1695836360500 6.0 24000
1695836417765 7.0 28000
1695836468463 8.0 32000
1695836516236 9.0 36000
1695836562866 10.0 40000
1695836609704 11.0 44000
1695836656998 12.0 48000
1695836704554 13.0 52000
1695836751425 14.0 56000
1695836798630 15.0 60000
1695836846869 16.0 64000
1695836894522 17.0 68000
1695836941706 18.0 72000
1695836988980 19.0 76000
1695837035907 20.0 80000
1695837083240 21.0 84000
1695837129522 22.0 88000
1695837177083 23.0 92000
1695837225301 24.0 96000
1695837272849 25.0 100000
1695837319140 26.0 104000
1695837365894 27.0 108000
1695837413421 28.0 112000
1695837464285 29.0 116000
1695837514460 30.0 120000
1695837563287 31.0 124000
1695837610472 32.0 128000
1695837658202 33.0 132000
1695837705895 34.0 136000
1695837753390 35.0 140000
1695837803589 36.0 144000
1695837851963 37.0 148000
1695837899731 38.0 152000
1695837946917 39.0 156000
1695837993812 40.0 160000
1695838041365 41.0 164000
1695838089445 42.0 168000
1695838138532 43.0 172000
1695838190372 44.0 176000
