1695836125846 0.0 4000
1695836171410 0.0 8000
1695836218837 0.0 12000
1695836266405 0.0 16000
1695836313998 0.0 20000
1695836360484 0.0 24000
1695836417749 0.0 28000
1695836468446 0.0 32000
1695836516220 0.0 36000
1695836562850 0.0 40000
1695836609688 0.0 44000
1695836656967 0.0 48000
1695836704537 0.0 52000
1695836751401 0.0 56000
1695836798609 0.0 60000
1695836846848 0.0 64000
1695836894503 0.0 68000
1695836941675 0.0 72000
1695836988965 0.0 76000
1695837035876 0.0 80000
1695837083223 0.0 84000
1695837129506 0.0 88000
1695837177065 0.0 92000
1695837225282 0.0 96000
1695837272829 0.0 100000
1695837319124 0.0 104000
1695837365878 0.0 108000
1695837413392 0.0 112000
1695837464266 0.0 116000
1695837514439 0.0 120000
1695837563271 0.0 124000
1695837610456 0.0 128000
1695837658182 0.0 132000
1695837705879 0.0 136000
1695837753374 0.0 140000
1695837803558 0.0 144000
1695837851947 0.0 148000
1695837899715 0.0 152000
1695837946901 0.0 156000
1695837993796 0.0 160000
1695838041350 0.0 164000
1695838089413 0.0 168000
1695838138501 0.0 172000
1695838190352 0.0 176000
