1695836125854 91.61425599072226 4000
1695836171410 90.70331778160264 8000
1695836218843 87.04235684819145 12000
1695836266405 85.96673195381076 16000
1695836314013 86.50145272052693 20000
1695836360484 88.13757067456545 24000
1695836417749 72.91646026935281 28000
1695836468446 81.16211231670017 32000
1695836516220 86.01953213503657 36000
1695836562851 88.1409008594381 40000
1695836609704 87.71755793091852 44000
1695836656983 87.34783452891821 48000
1695836704538 87.2187058794674 52000
1695836751417 88.26127712029167 56000
1695836798616 87.66243663365488 60000
1695836846855 85.37291548721943 64000
1695836894507 86.58343809018623 68000
1695836941690 87.42591873051259 72000
1695836988965 87.63262399040507 76000
1695837035891 87.80724466020465 80000
1695837083223 87.05002140525048 84000
1695837129522 89.07468342725132 88000
1695837177065 86.69123318972858 92000
1695837225288 86.10791389134704 96000
1695837272846 86.8474841101614 100000
1695837319140 89.04693208103158 104000
1695837365883 88.15987965892586 108000
1695837413409 87.10306761300384 112000
1695837464273 81.32962554775115 116000
1695837514439 82.6827618005157 120000
1695837563271 84.53315680069385 124000
1695837610472 87.40639119786825 128000
1695837658182 86.97412591169764 132000
1695837705895 86.40951744415835 136000
1695837753390 86.91208727877417 140000
1695837803573 82.74281181261951 144000
1695837851947 85.7249421599132 148000
1695837899715 88.09618662788517 152000
1695837946901 87.73143705627058 156000
1695837993796 87.96263440278413 160000
1695838041350 87.25168868484462 164000
1695838089429 85.87152761192928 168000
1695838138517 84.48028985958828 172000
1695838190359 79.46541009774053 176000
