1695836125849 4000.0 4000
1695836171410 8000.0 8000
1695836218840 12000.0 12000
1695836266405 16000.0 16000
1695836313998 20000.0 20000
1695836360484 24000.0 24000
1695836417749 28000.0 28000
1695836468446 32000.0 32000
1695836516220 36000.0 36000
1695836562851 40000.0 40000
1695836609688 44000.0 44000
1695836656983 48000.0 48000
1695836704538 52000.0 52000
1695836751401 56000.0 56000
1695836798612 60000.0 60000
1695836846850 64000.0 64000
1695836894506 68000.0 68000
1695836941690 72000.0 72000
1695836988965 76000.0 76000
1695837035876 80000.0 80000
1695837083223 84000.0 84000
1695837129506 88000.0 88000
1695837177065 92000.0 92000
1695837225285 96000.0 96000
1695837272829 100000.0 100000
1695837319138 104000.0 104000
1695837365878 108000.0 108000
1695837413392 112000.0 112000
1695837464269 116000.0 116000
1695837514439 120000.0 120000
1695837563271 124000.0 124000
1695837610456 128000.0 128000
1695837658182 132000.0 132000
1695837705879 136000.0 136000
1695837753374 140000.0 140000
1695837803573 144000.0 144000
1695837851947 148000.0 148000
1695837899715 152000.0 152000
1695837946901 156000.0 156000
1695837993796 160000.0 160000
1695838041350 164000.0 164000
1695838089429 168000.0 168000
1695838138501 172000.0 172000
1695838190355 176000.0 176000
