1695836125858 4000.0 4000
1695836171410 4000.0 8000
1695836218846 4000.0 12000
1695836266405 4000.0 16000
1695836314013 4000.0 20000
1695836360484 4000.0 24000
1695836417760 4000.0 28000
1695836468446 4000.0 32000
1695836516220 4000.0 36000
1695836562851 4000.0 40000
1695836609704 4000.0 44000
1695836656983 4000.0 48000
1695836704538 4000.0 52000
1695836751417 4000.0 56000
1695836798620 4000.0 60000
1695836846857 4000.0 64000
1695836894507 4000.0 68000
1695836941690 4000.0 72000
1695836988965 4000.0 76000
1695837035891 4000.0 80000
1695837083223 4000.0 84000
1695837129522 4000.0 88000
1695837177065 4000.0 92000
1695837225291 4000.0 96000
1695837272849 4000.0 100000
1695837319140 4000.0 104000
1695837365883 4000.0 108000
1695837413412 4000.0 112000
1695837464276 4000.0 116000
1695837514455 4000.0 120000
1695837563271 4000.0 124000
1695837610472 4000.0 128000
1695837658182 4000.0 132000
1695837705895 4000.0 136000
1695837753390 4000.0 140000
1695837803573 4000.0 144000
1695837851963 4000.0 148000
1695837899731 4000.0 152000
1695837946901 4000.0 156000
1695837993812 4000.0 160000
1695838041350 4000.0 164000
1695838089429 4000.0 168000
1695838138517 4000.0 172000
1695838190361 4000.0 176000
