1695836125844 10.0 4000
1695836171410 10.0 8000
1695836218835 10.0 12000
1695836266405 10.0 16000
1695836313998 10.0 20000
1695836360467 10.0 24000
1695836417733 10.0 28000
1695836468441 10.0 32000
1695836516219 10.0 36000
1695836562848 10.0 40000
1695836609688 10.0 44000
1695836656967 10.0 48000
1695836704521 10.0 52000
1695836751401 10.0 56000
1695836798608 10.0 60000
1695836846846 10.0 64000
1695836894501 10.0 68000
1695836941675 10.0 72000
1695836988965 10.0 76000
1695837035876 10.0 80000
1695837083207 10.0 84000
1695837129506 10.0 88000
1695837177064 10.0 92000
1695837225278 10.0 96000
1695837272829 10.0 100000
1695837319124 10.0 104000
1695837365862 10.0 108000
1695837413392 10.0 112000
1695837464264 10.0 116000
1695837514439 10.0 120000
1695837563271 10.0 124000
1695837610456 10.0 128000
1695837658182 10.0 132000
1695837705879 10.0 136000
1695837753374 10.0 140000
1695837803558 10.0 144000
1695837851947 10.0 148000
1695837899715 10.0 152000
1695837946901 10.0 156000
1695837993796 10.0 160000
1695838041350 10.0 164000
1695838089413 10.0 168000
1695838138501 10.0 172000
1695838190338 10.0 176000
