1695836125868 13168.0 4000
1695836171425 13168.0 8000
1695836218853 13168.0 12000
1695836266422 13168.0 16000
1695836314013 13168.0 20000
1695836360500 13168.0 24000
1695836417765 13168.0 28000
1695836468463 13168.0 32000
1695836516236 13168.0 36000
1695836562851 13168.0 40000
1695836609704 13168.0 44000
1695836656983 13168.0 48000
1695836704554 13168.0 52000
1695836751425 13168.0 56000
1695836798628 13168.0 60000
1695836846866 13168.0 64000
1695836894507 13168.0 68000
1695836941706 13168.0 72000
1695836988980 13168.0 76000
1695837035891 13168.0 80000
1695837083240 13168.0 84000
1695837129522 13168.0 88000
1695837177083 13168.0 92000
1695837225299 13168.0 96000
1695837272849 13168.0 100000
1695837319140 13168.0 104000
1695837365894 13168.0 108000
1695837413419 13168.0 112000
1695837464283 13168.0 116000
1695837514460 13168.0 120000
1695837563287 13168.0 124000
1695837610472 13168.0 128000
1695837658202 13168.0 132000
1695837705895 13168.0 136000
1695837753390 13168.0 140000
1695837803589 13168.0 144000
1695837851963 13168.0 148000
1695837899731 13168.0 152000
1695837946917 13168.0 156000
1695837993812 13168.0 160000
1695838041365 13168.0 164000
1695838089429 13168.0 168000
1695838138532 13168.0 172000
1695838190370 13168.0 176000
