1695836125869 43.66532635688782 4000
1695836171425 87.76909613609314 8000
1695836218854 133.7277340888977 12000
1695836266422 180.27295660972595 16000
1695836314025 226.51495456695557 20000
1695836360500 271.8985517024994 24000
1695836417765 326.771484375 28000
1695836468463 376.0555639266968 32000
1695836516236 422.5566306114197 36000
1695836562866 467.9385130405426 40000
1695836609704 513.5394177436829 44000
1695836656998 559.3489656448364 48000
1695836704554 605.210687160492 52000
1695836751425 650.5306749343872 56000
1695836798629 696.1671671867371 60000
1695836846867 743.0317268371582 64000
1695836894507 789.2340681552887 68000
1695836941706 835.0027058124542 72000
1695836988980 880.6478071212769 76000
1695837035891 926.202134847641 80000
1695837083240 972.152726650238 84000
1695837129522 1017.0745878219604 88000
1695837177083 1063.2309846878052 92000
1695837225300 1109.7000379562378 96000
1695837272849 1155.7678973674774 100000
1695837319140 1200.7037653923035 104000
1695837365894 1246.0915145874023 108000
1695837413420 1292.0297513008118 112000
1695837464284 1341.212321281433 116000
1695837514460 1389.5980007648468 120000
1695837563287 1436.9167115688324 124000
1695837610472 1482.679955482483 128000
1695837658202 1528.686362028122 132000
1695837705895 1574.9947838783264 136000
1695837753390 1621.0339679718018 140000
1695837803589 1669.3765358924866 144000
1695837851963 1716.0530269145966 148000
1695837899731 1761.4579434394836 152000
1695837946917 1807.0689225196838 156000
1695837993812 1852.5583653450012 160000
1695838041365 1898.418378829956 164000
1695838089429 1945.0152215957642 168000
1695838138532 1992.3774518966675 172000
1695838190370 2042.7228209972382 176000
