1695836125865 1695836125.0 4000
1695836171425 1695836170.0 8000
1695836218851 1695836217.0 12000
1695836266421 1695836265.0 16000
1695836314013 1695836312.0 20000
1695836360484 1695836359.0 24000
1695836417765 1695836415.0 28000
1695836468446 1695836467.0 32000
1695836516236 1695836515.0 36000
1695836562851 1695836561.0 40000
1695836609704 1695836608.0 44000
1695836656983 1695836655.0 48000
1695836704538 1695836703.0 52000
1695836751425 1695836750.0 56000
1695836798625 1695836797.0 60000
1695836846862 1695836845.0 64000
1695836894507 1695836893.0 68000
1695836941690 1695836940.0 72000
1695836988980 1695836987.0 76000
1695837035891 1695837034.0 80000
1695837083240 1695837082.0 84000
1695837129522 1695837128.0 88000
1695837177065 1695837175.0 92000
1695837225297 1695837223.0 96000
1695837272849 1695837271.0 100000
1695837319140 1695837318.0 104000
1695837365883 1695837364.0 108000
1695837413416 1695837412.0 112000
1695837464281 1695837462.0 116000
1695837514460 1695837512.0 120000
1695837563287 1695837562.0 124000
1695837610472 1695837609.0 128000
1695837658198 1695837656.0 132000
1695837705895 1695837704.0 136000
1695837753390 1695837752.0 140000
1695837803573 1695837802.0 144000
1695837851963 1695837850.0 148000
1695837899731 1695837897.0 152000
1695837946917 1695837945.0 156000
1695837993812 1695837992.0 160000
1695838041365 1695838039.0 164000
1695838089429 1695838088.0 168000
1695838138532 1695838137.0 172000
1695838190367 1695838189.0 176000
