1695836125866 43.66532635688782 4000
1695836171425 44.10376977920532 8000
1695836218851 45.958637952804565 12000
1695836266422 46.54522252082825 16000
1695836314013 46.241997957229614 20000
1695836360484 45.38359713554382 24000
1695836417765 54.87293267250061 28000
1695836468446 49.28407955169678 32000
1695836516236 46.5010666847229 36000
1695836562851 45.381882429122925 40000
1695836609704 45.60090470314026 44000
1695836656983 45.809547901153564 48000
1695836704538 45.86172151565552 52000
1695836751425 45.319987773895264 56000
1695836798626 45.63649225234985 60000
1695836846863 46.86455965042114 64000
1695836894507 46.20234131813049 68000
1695836941690 45.76863765716553 72000
1695836988980 45.64510130882263 76000
1695837035891 45.554327726364136 80000
1695837083240 45.950591802597046 84000
1695837129522 44.92186117172241 88000
1695837177081 46.15639686584473 92000
1695837225298 46.46905326843262 96000
1695837272849 46.067859411239624 100000
1695837319140 44.93586802482605 104000
1695837365894 45.38774919509888 108000
1695837413417 45.938236713409424 112000
1695837464282 49.18256998062134 116000
1695837514460 48.385679483413696 120000
1695837563287 47.318710803985596 124000
1695837610472 45.76324391365051 128000
1695837658198 46.00640654563904 132000
1695837705895 46.30842185020447 136000
1695837753390 46.03918409347534 140000
1695837803573 48.342567920684814 144000
1695837851963 46.676491022109985 148000
1695837899731 45.404916524887085 152000
1695837946917 45.610979080200195 156000
1695837993812 45.48944282531738 160000
1695838041365 45.860013484954834 164000
1695838089429 46.596842765808105 168000
1695838138532 47.36223030090332 172000
1695838190368 50.34536910057068 176000
