1695836125863 1.0 4000
1695836171425 2.0 8000
1695836218850 3.0 12000
1695836266405 4.0 16000
1695836314013 5.0 20000
1695836360484 6.0 24000
1695836417760 7.0 28000
1695836468446 8.0 32000
1695836516220 9.0 36000
1695836562851 10.0 40000
1695836609704 11.0 44000
1695836656983 12.0 48000
1695836704538 13.0 52000
1695836751425 14.0 56000
1695836798624 15.0 60000
1695836846861 16.0 64000
1695836894507 17.0 68000
1695836941690 18.0 72000
1695836988980 19.0 76000
1695837035891 20.0 80000
1695837083239 21.0 84000
1695837129522 22.0 88000
1695837177065 23.0 92000
1695837225295 24.0 96000
1695837272849 25.0 100000
1695837319140 26.0 104000
1695837365883 27.0 108000
1695837413415 28.0 112000
1695837464280 29.0 116000
1695837514460 30.0 120000
1695837563287 31.0 124000
1695837610472 32.0 128000
1695837658198 33.0 132000
1695837705895 34.0 136000
1695837753390 35.0 140000
1695837803573 36.0 144000
1695837851963 37.0 148000
1695837899731 38.0 152000
1695837946901 39.0 156000
1695837993812 40.0 160000
1695838041365 41.0 164000
1695838089429 42.0 168000
1695838138532 43.0 172000
1695838190366 44.0 176000
