1695832399429 479.5 4000
1695832445162 479.5 8000
1695832489807 479.5 12000
1695832537099 479.5 16000
1695832584084 479.5 20000
1695832631179 479.5 24000
1695832679688 479.5 28000
1695832726741 479.5 32000
1695832772973 479.5 36000
1695832820254 479.5 40000
1695832868019 479.5 44000
1695832915356 479.5 48000
1695832962419 479.5 52000
1695833010716 479.5 56000
1695833058634 479.5 60000
1695833105571 479.5 64000
1695833151825 479.5 68000
1695833198234 479.5 72000
1695833244709 479.5 76000
1695833290825 479.5 80000
1695833337058 479.5 84000
1695833383620 479.5 88000
1695833431493 479.5 92000
1695833480272 479.5 96000
1695833527767 479.5 100000
1695833575485 479.5 104000
1695833622218 479.5 108000
1695833668825 479.5 112000
1695833716720 479.5 116000
1695833763363 479.5 120000
1695833810212 479.5 124000
1695833857911 479.5 128000
1695833906649 479.5 132000
1695833954276 479.5 136000
1695834000802 479.5 140000
1695834047971 479.5 144000
1695834094573 479.5 148000
1695834142051 479.5 152000
1695834188901 479.5 156000
1695834235559 479.5 160000
1695834282457 479.5 164000
