1695839581411 37.34761904761905 4000
1695839614060 37.17111111111111 8000
1695839646228 37.135555555555555 12000
1695839678082 36.71818181818182 16000
1695839711556 36.97872340425533 20000
1695839744834 38.17872340425531 24000
1695839779345 37.702127659574465 28000
1695839813992 36.68571428571428 32000
1695839850657 36.22884615384616 36000
1695839886504 43.74489795918368 40000
1695839924026 35.715094339622645 44000
1695839959731 36.704 48000
1695839995866 36.51 52000
1695840031088 36.76734693877552 56000
1695840065168 35.93469387755103 60000
1695840100389 36.57551020408163 64000
1695840134514 37.0375 68000
1695840169063 37.229166666666664 72000
1695840204628 37.089795918367344 76000
1695840240060 35.68600000000001 80000
1695840276893 35.57254901960784 84000
1695840312943 37.34117647058823 88000
1695840348321 36.326530612244895 92000
1695840382492 37.49583333333333 96000
1695840416459 37.88333333333333 100000
1695840451418 37.04791666666667 104000
1695840486134 36.755102040816325 108000
1695840521152 37.2469387755102 112000
1695840555304 36.641666666666666 116000
1695840589260 37.10833333333333 120000
