1695839581411 32.31666666666667 4000
1695839614060 32.504444444444445 8000
1695839646228 32.5511111111111 12000
1695839678082 32.638636363636365 16000
1695839711556 32.67872340425533 20000
1695839744850 32.67021276595745 24000
1695839779345 32.738297872340425 28000
1695839813992 33.04081632653061 32000
1695839850657 33.773076923076914 36000
1695839886505 33.90408163265307 40000
1695839924027 35.73962264150943 44000
1695839959731 35.77 48000
1695839995882 35.41 52000
1695840031089 35.35306122448979 56000
1695840065168 34.60612244897959 60000
1695840100391 34.708163265306126 64000
1695840134514 34.693749999999994 68000
1695840169064 34.65833333333333 72000
1695840204643 34.80204081632653 76000
1695840240061 35.164 80000
1695840276893 35.900000000000006 84000
1695840312953 35.97843137254901 88000
1695840348322 35.391836734693875 92000
1695840382492 35.03541666666667 96000
1695840416459 35.00208333333334 100000
1695840451418 35.15833333333333 104000
1695840486134 35.169387755102036 108000
1695840521152 35.19795918367347 112000
1695840555304 35.0875 116000
1695840589260 35.145833333333336 120000
