1695839581468 0.0 4000
1695839614107 0.0 8000
1695839646277 0.0 12000
1695839678182 0.0 16000
1695839711636 0.0 20000
1695839744930 0.0 24000
1695839779441 0.0 28000
1695839814078 0.0 32000
1695839850752 0.0 36000
1695839886598 0.0 40000
1695839924108 0.0 44000
1695839959816 0.0 48000
1695839995964 0.0 52000
1695840031172 0.0 56000
1695840065246 0.0 60000
1695840100478 0.0 64000
1695840134594 0.0 68000
1695840169146 0.0 72000
1695840204728 0.0 76000
1695840240145 0.0 80000
1695840276992 0.0 84000
1695840313026 0.0 88000
1695840348403 0.0 92000
1695840382575 0.0 96000
1695840416542 0.0 100000
1695840451514 0.0 104000
1695840486214 0.0 108000
1695840521247 0.0 112000
1695840555400 0.0 116000
1695840589338 0.0 120000
