1695839581471 5.0000000000000016e-05 4000
1695839614107 5.0000000000000016e-05 8000
1695839646277 5.0000000000000016e-05 12000
1695839678187 5.0000000000000016e-05 16000
1695839711636 5.0000000000000016e-05 20000
1695839744930 5.0000000000000016e-05 24000
1695839779441 5.0000000000000016e-05 28000
1695839814078 5.0000000000000016e-05 32000
1695839850752 5.0000000000000016e-05 36000
1695839886602 5.0000000000000016e-05 40000
1695839924111 5.0000000000000016e-05 44000
1695839959816 5.0000000000000016e-05 48000
1695839995964 5.0000000000000016e-05 52000
1695840031175 5.0000000000000016e-05 56000
1695840065246 5.0000000000000016e-05 60000
1695840100482 5.0000000000000016e-05 64000
1695840134594 5.0000000000000016e-05 68000
1695840169149 5.0000000000000016e-05 72000
1695840204728 5.0000000000000016e-05 76000
1695840240148 5.0000000000000016e-05 80000
1695840276992 5.0000000000000016e-05 84000
1695840313026 5.0000000000000016e-05 88000
1695840348403 5.0000000000000016e-05 92000
1695840382575 5.0000000000000016e-05 96000
1695840416542 5.0000000000000016e-05 100000
1695840451514 5.0000000000000016e-05 104000
1695840486214 5.0000000000000016e-05 108000
1695840521247 5.0000000000000016e-05 112000
1695840555400 5.0000000000000016e-05 116000
1695840589338 5.0000000000000016e-05 120000
