1695839581470 0.20000000000000004 4000
1695839614107 0.20000000000000004 8000
1695839646277 0.20000000000000004 12000
1695839678187 0.20000000000000004 16000
1695839711636 0.20000000000000004 20000
1695839744930 0.20000000000000004 24000
1695839779441 0.20000000000000004 28000
1695839814078 0.20000000000000004 32000
1695839850752 0.20000000000000004 36000
1695839886601 0.20000000000000004 40000
1695839924110 0.20000000000000004 44000
1695839959816 0.20000000000000004 48000
1695839995964 0.20000000000000004 52000
1695840031174 0.20000000000000004 56000
1695840065246 0.20000000000000004 60000
1695840100481 0.20000000000000004 64000
1695840134594 0.20000000000000004 68000
1695840169148 0.20000000000000004 72000
1695840204728 0.20000000000000004 76000
1695840240147 0.20000000000000004 80000
1695840276992 0.20000000000000004 84000
1695840313026 0.20000000000000004 88000
1695840348403 0.20000000000000004 92000
1695840382575 0.20000000000000004 96000
1695840416542 0.20000000000000004 100000
1695840451514 0.20000000000000004 104000
1695840486214 0.20000000000000004 108000
1695840521247 0.20000000000000004 112000
1695840555400 0.20000000000000004 116000
1695840589338 0.20000000000000004 120000
