1695839581479 0.0010000000000000005 4000
1695839614123 0.0010000000000000005 8000
1695839646277 0.0010000000000000005 12000
1695839678187 0.0010000000000000005 16000
1695839711653 0.0010000000000000005 20000
1695839744930 0.0010000000000000005 24000
1695839779441 0.0010000000000000005 28000
1695839814087 0.0010000000000000005 32000
1695839850752 0.0010000000000000005 36000
1695839886609 0.0010000000000000005 40000
1695839924118 0.0010000000000000005 44000
1695839959831 0.0010000000000000005 48000
1695839995964 0.0010000000000000005 52000
1695840031181 0.0010000000000000005 56000
1695840065262 0.0010000000000000005 60000
1695840100488 0.0010000000000000005 64000
1695840134594 0.0010000000000000005 68000
1695840169156 0.0010000000000000005 72000
1695840204728 0.0010000000000000005 76000
1695840240154 0.0010000000000000005 80000
1695840276998 0.0010000000000000005 84000
1695840313042 0.0010000000000000005 88000
1695840348411 0.0010000000000000005 92000
1695840382591 0.0010000000000000005 96000
1695840416560 0.0010000000000000005 100000
1695840451514 0.0010000000000000005 104000
1695840486229 0.0010000000000000005 108000
1695840521247 0.0010000000000000005 112000
1695840555400 0.0010000000000000005 116000
1695840589354 0.0010000000000000005 120000
