1695839581478 1.9363706946372985 4000
1695839614123 1.9138701375573874 8000
1695839646277 1.9033263166745504 12000
1695839678187 1.8726100496947766 16000
1695839711653 1.8609562749663988 20000
1695839744930 1.8433466306577126 24000
1695839779441 1.8096293730040391 28000
1695839814087 1.8059598290671905 32000
1695839850752 1.7841327248762051 36000
1695839886608 1.7718064565211535 40000
1695839924117 1.7339261489609876 44000
1695839959831 1.7049609132111072 48000
1695839995964 1.6632776036858559 52000
1695840031180 1.665936953574419 56000
1695840065262 1.653245451922218 60000
1695840100488 1.6426213329037032 64000
1695840134594 1.5950371199597915 68000
1695840169155 1.5654759851594766 72000
1695840204728 1.5349370061109464 76000
1695840240153 1.4912464222560327 80000
1695840276998 1.4713627751916647 84000
1695840313042 1.4145745345701775 88000
1695840348411 1.3625787639369566 92000
1695840382591 1.3269969118138154 96000
1695840416560 1.334281017507116 100000
1695840451514 1.2439075980335474 104000
1695840486229 1.2466675620526075 108000
1695840521247 1.2074108097081384 112000
1695840555400 1.3105705333252748 116000
1695840589354 1.209387360761563 120000
