1695839581469 0.6737988667562604 4000
1695839614107 0.8396246548121175 8000
1695839646277 0.9283671484949688 12000
1695839678182 0.9942827142154177 16000
1695839711636 1.1335557277003925 20000
1695839744930 1.13099458705013 24000
1695839779441 1.19114154993246 28000
1695839814078 1.2163900138499837 32000
1695839850752 1.2777374686362843 36000
1695839886599 1.3345115724330148 40000
1695839924109 1.3860622122883797 44000
1695839959816 1.3636450440933308 48000
1695839995964 1.423102581128478 52000
1695840031173 1.5407731705655654 56000
1695840065246 1.4975542328630884 60000
1695840100479 1.4795067022244135 64000
1695840134594 1.5111390814806025 68000
1695840169147 1.4980323440705736 72000
1695840204728 1.6520644179234902 76000
1695840240146 1.526816314086318 80000
1695840276992 1.5240959664185842 84000
1695840313026 1.5228374928236008 88000
1695840348403 1.5876552981014054 92000
1695840382575 1.5973455001910528 96000
1695840416542 1.5793718812366326 100000
1695840451514 1.5649208848675091 104000
1695840486214 1.4768129099781315 108000
1695840521247 1.3965711403017242 112000
1695840555400 1.4308139303078253 116000
1695840589338 1.4805640536050002 120000
