1695839581477 0.009584140930819747 4000
1695839614123 0.013308350478939957 8000
1695839646277 0.012164510893120924 12000
1695839678187 0.0151432548224688 16000
1695839711653 0.012412435814058634 20000
1695839744930 0.01104221430176417 24000
1695839779441 0.011295698940493063 28000
1695839814087 0.014023764757823187 32000
1695839850752 0.013607478933658967 36000
1695839886607 0.012508013429418896 40000
1695839924116 0.012684041845623521 44000
1695839959816 0.0097646118279395 48000
1695839995964 0.012623537427806713 52000
1695840031179 0.011772136701094145 56000
1695840065262 0.011901763225632892 60000
1695840100487 0.013948186454532607 64000
1695840134594 0.01109329936762901 68000
1695840169154 0.012294052198021125 72000
1695840204728 0.01162916917630505 76000
1695840240152 0.015489763685189303 80000
1695840276998 0.011643566091917478 84000
1695840313042 0.012267846611527152 88000
1695840348411 0.009681331320753316 92000
1695840382575 0.011109082727797247 96000
1695840416559 0.008972182633108465 100000
1695840451514 0.011006883520197097 104000
1695840486214 0.00891377086874378 108000
1695840521247 0.009710647126781597 112000
1695840555400 0.01019256998497607 116000
1695840589338 0.009251358121439209 120000
