1695839581473 -0.014273070847654406 4000
1695839614123 -0.018021968708975086 8000
1695839646277 -0.01945749573642388 12000
1695839678187 -0.021949890784647628 16000
1695839711653 -0.018989627898554316 20000
1695839744930 -0.015355579745422196 24000
1695839779441 -0.019782004498119933 28000
1695839814087 -0.022815799795110555 32000
1695839850752 -0.019832666316021156 36000
1695839886604 -0.020165071163016062 40000
1695839924113 -0.01846253382221524 44000
1695839959816 -0.014907757381054883 48000
1695839995964 -0.02101485323801171 52000
1695840031177 -0.020187629449840944 56000
1695840065246 -0.019981047747811922 60000
1695840100484 -0.022600997622066642 64000
1695840134594 -0.01884923907685637 68000
1695840169151 -0.01943221392745424 72000
1695840204728 -0.019444948953362958 76000
1695840240150 -0.02031374445844752 80000
1695840276998 -0.01854454123628481 84000
1695840313042 -0.019984221262954332 88000
1695840348403 -0.017928272815818977 92000
1695840382575 -0.019317871031914062 96000
1695840416557 -0.017176000255373462 100000
1695840451514 -0.016517661873513133 104000
1695840486214 -0.013974196220078738 108000
1695840521247 -0.01772670327191008 112000
1695840555400 -0.019364417265266335 116000
1695840589338 -0.015687269986665343 120000
