1695839581472 0.00435892542621635 4000
1695839614107 -0.012597152426678804 8000
1695839646277 -0.018034186065112104 12000
1695839678187 -0.013314365000405814 16000
1695839711652 -0.014671273461681266 20000
1695839744930 -0.013880834019619214 24000
1695839779441 -0.012170137620463114 28000
1695839814078 -0.01515348036021654 32000
1695839850752 -0.012153884350360992 36000
1695839886603 -0.008518877039508273 40000
1695839924112 -0.007503944802556362 44000
1695839959816 -0.006391789813157326 48000
1695839995964 -0.008888605298488983 52000
1695840031176 -0.007042846822393282 56000
1695840065246 -0.013114990727384186 60000
1695840100483 -0.01944740408495515 64000
1695840134594 -0.00700325082859005 68000
1695840169150 -0.010059536898552324 72000
1695840204728 -0.0024103206150660602 76000
1695840240149 -0.0015308404249177936 80000
1695840276998 -0.012501869749060764 84000
1695840313041 -0.013642255574571513 88000
1695840348403 -0.0003813402542922025 92000
1695840382575 0.0006005819798398685 96000
1695840416542 -0.006570608153682164 100000
1695840451514 0.004386409862915267 104000
1695840486214 -0.005935766697075451 108000
1695840521247 -0.002402706917564501 112000
1695840555400 -0.006471209113563721 116000
1695840589338 0.012462033354980424 120000
