1695839581476 0.04931094963103533 4000
1695839614123 -0.15506854311873516 8000
1695839646277 -0.8983381101240714 12000
1695839678187 0.5425898659974336 16000
1695839711653 0.37557850194474063 20000
1695839744930 0.5585363057131568 24000
1695839779441 0.5625156968211135 28000
1695839814087 0.4495706173280875 32000
1695839850752 0.28458748031407594 36000
1695839886606 0.5992501713956396 40000
1695839924115 0.4310681230699023 44000
1695839959816 0.5926590781658888 48000
1695839995964 0.5882895668968559 52000
1695840031178 0.5260738526160519 56000
1695840065262 0.483999261384209 60000
1695840100486 0.12541417498141527 64000
1695840134594 0.6594995498036345 68000
1695840169153 0.573819534915189 72000
1695840204728 0.5337263585999608 76000
1695840240151 0.5915492587412398 80000
1695840276998 0.7335635613029202 84000
1695840313042 0.7528038315474987 88000
1695840348403 0.6748890698576967 92000
1695840382575 0.663027748093009 96000
1695840416559 0.7318564956386884 100000
1695840451514 0.5560229651009043 104000
1695840486214 0.5284021477525432 108000
1695840521247 0.6573233092824619 112000
1695840555400 0.4918834718565146 116000
1695840589338 0.4148306154335539 120000
