1695839581474 0.0373030780950406 4000
1695839614123 0.00935403268764882 8000
1695839646277 0.0017874675967808193 12000
1695839678187 0.014958969628302536 16000
1695839711653 0.007393647696153494 20000
1695839744930 0.0022192995909790627 24000
1695839779441 0.014324713020566074 28000
1695839814087 0.013327052621752955 32000
1695839850752 0.013482837276387726 36000
1695839886605 0.02183279622113332 40000
1695839924114 0.020311415024722616 44000
1695839959816 0.016536012645277272 48000
1695839995964 0.022529634997772517 52000
1695840031177 0.02491258619168851 56000
1695840065246 0.012277898515458218 60000
1695840100485 0.004013156292846058 64000
1695840134594 0.022444731334690004 68000
1695840169152 0.01695868494110376 72000
1695840204728 0.03248746254733608 76000
1695840240150 0.034352395207194304 80000
1695840276998 0.010370642393778932 84000
1695840313042 0.010605942324279265 88000
1695840348403 0.03394648883646975 92000
1695840382575 0.03804726701734277 96000
1695840416558 0.02029047473964359 100000
1695840451514 0.03989320547649792 104000
1695840486214 0.015004686474518773 108000
1695840521247 0.02917855348981296 112000
1695840555400 0.024330529293608075 116000
1695840589338 0.05501683928305283 120000
