1695830907653 0.7019999999999998 12000
1695830954215 -0.17300000000000013 16000
1695831002613 -0.17300000000000013 20000
1695831049744 -0.17300000000000013 24000
1695831097262 -0.17300000000000013 28000
1695831144748 -0.17300000000000013 32000
1695831191252 -0.17300000000000013 36000
1695831240938 -0.17300000000000013 40000
1695831287595 -0.17300000000000013 44000
1695831333871 -0.17300000000000013 48000
1695831380668 -0.17300000000000013 52000
1695831430522 -0.17300000000000013 56000
1695831477682 -0.17300000000000013 60000
1695831525850 -0.17300000000000013 64000
1695831573230 -0.17300000000000013 68000
1695831620469 -0.17300000000000013 72000
1695831667907 -0.17300000000000013 76000
1695831715996 -0.17300000000000013 80000
1695831763105 -0.17300000000000013 84000
1695831811226 -0.17300000000000013 88000
1695831859856 -0.17300000000000013 92000
1695831908305 -0.17300000000000013 96000
1695831955992 -0.17300000000000013 100000
1695832003287 -0.17300000000000013 104000
1695832050553 -0.17300000000000013 108000
1695832097767 -0.17300000000000013 112000
1695832145034 -0.17300000000000013 116000
1695832192780 -0.30400000000000066 120000
