1695830907653 -0.7212573578908242 12000
1695830954215 -1.490000000000001 16000
1695831002613 -1.490000000000001 20000
1695831049744 -1.490000000000001 24000
1695831097261 -1.490000000000001 28000
1695831144748 -1.490000000000001 32000
1695831191252 -1.490000000000001 36000
1695831240938 -1.490000000000001 40000
1695831287595 -1.490000000000001 44000
1695831333871 -1.490000000000001 48000
1695831380668 -1.490000000000001 52000
1695831430522 -1.490000000000001 56000
1695831477682 -1.490000000000001 60000
1695831525849 -1.490000000000001 64000
1695831573230 -1.490000000000001 68000
1695831620469 -1.490000000000001 72000
1695831667899 -1.490000000000001 76000
1695831715996 -1.490000000000001 80000
1695831763104 -1.490000000000001 84000
1695831811226 -1.490000000000001 88000
1695831859855 -1.490000000000001 92000
1695831908305 -1.490000000000001 96000
1695831955992 -1.490000000000001 100000
1695832003287 -1.490000000000001 104000
1695832050553 -1.490000000000001 108000
1695832097767 -1.490000000000001 112000
1695832145034 -1.490000000000001 116000
1695832192780 -1.490000000000001 120000
