1695830818406 64.0 4000
1695830862950 64.0 8000
1695830907716 64.0 12000
1695830954280 64.0 16000
1695831002676 64.0 20000
1695831049807 64.0 24000
1695831097321 64.0 28000
1695831144810 64.0 32000
1695831191315 64.0 36000
1695831241001 64.0 40000
1695831287659 64.0 44000
1695831333919 64.0 48000
1695831380716 64.0 52000
1695831430585 64.0 56000
1695831477746 64.0 60000
1695831525909 64.0 64000
1695831573291 64.0 68000
1695831620533 64.0 72000
1695831667954 64.0 76000
1695831716058 64.0 80000
1695831763157 64.0 84000
1695831811289 64.0 88000
1695831859915 64.0 92000
1695831908375 64.0 96000
1695831956048 64.0 100000
1695832003338 64.0 104000
1695832050602 64.0 108000
1695832097815 64.0 112000
1695832145099 64.0 116000
1695832192837 64.0 120000
