1695830818419 32.0 4000
1695830862966 32.0 8000
1695830907716 32.0 12000
1695830954282 32.0 16000
1695831002676 32.0 20000
1695831049807 32.0 24000
1695831097323 32.0 28000
1695831144810 32.0 32000
1695831191317 32.0 36000
1695831241001 32.0 40000
1695831287659 32.0 44000
1695831333919 32.0 48000
1695831380731 32.0 52000
1695831430585 32.0 56000
1695831477746 32.0 60000
1695831525910 32.0 64000
1695831573293 32.0 68000
1695831620533 32.0 72000
1695831667954 32.0 76000
1695831716059 32.0 80000
1695831763157 32.0 84000
1695831811289 32.0 88000
1695831859917 32.0 92000
1695831908377 32.0 96000
1695831956048 32.0 100000
1695832003353 32.0 104000
1695832050602 32.0 108000
1695832097815 32.0 112000
1695832145099 32.0 116000
1695832192838 32.0 120000
