1695830818422 0.0 4000
1695830862967 0.0 8000
1695830907733 0.0 12000
1695830954287 0.0 16000
1695831002692 0.0 20000
1695831049807 0.0 24000
1695831097329 0.0 28000
1695831144810 0.0 32000
1695831191322 0.0 36000
1695831241001 0.0 40000
1695831287659 0.0 44000
1695831333935 0.0 48000
1695831380731 0.0 52000
1695831430585 0.0 56000
1695831477746 0.0 60000
1695831525917 0.0 64000
1695831573298 0.0 68000
1695831620533 0.0 72000
1695831667970 0.0 76000
1695831716059 0.0 80000
1695831763172 0.0 84000
1695831811289 0.0 88000
1695831859923 0.0 92000
1695831908383 0.0 96000
1695831956057 0.0 100000
1695832003353 0.0 104000
1695832050602 0.0 108000
1695832097836 0.0 112000
1695832145099 0.0 116000
1695832192845 0.0 120000
