1695830818422 32.0 4000
1695830862967 32.0 8000
1695830907732 32.0 12000
1695830954285 32.0 16000
1695831002692 32.0 20000
1695831049807 32.0 24000
1695831097326 32.0 28000
1695831144810 32.0 32000
1695831191319 32.0 36000
1695831241001 32.0 40000
1695831287659 32.0 44000
1695831333935 32.0 48000
1695831380731 32.0 52000
1695831430585 32.0 56000
1695831477746 32.0 60000
1695831525913 32.0 64000
1695831573295 32.0 68000
1695831620533 32.0 72000
1695831667970 32.0 76000
1695831716059 32.0 80000
1695831763157 32.0 84000
1695831811289 32.0 88000
1695831859920 32.0 92000
1695831908380 32.0 96000
1695831956057 32.0 100000
1695832003353 32.0 104000
1695832050602 32.0 108000
1695832097833 32.0 112000
1695832145099 32.0 116000
1695832192842 32.0 120000
