1695830818422 2.0 4000
1695830862967 2.0 8000
1695830907733 2.0 12000
1695830954286 2.0 16000
1695831002692 2.0 20000
1695831049807 2.0 24000
1695831097327 2.0 28000
1695831144810 2.0 32000
1695831191320 2.0 36000
1695831241001 2.0 40000
1695831287659 2.0 44000
1695831333935 2.0 48000
1695831380731 2.0 52000
1695831430585 2.0 56000
1695831477746 2.0 60000
1695831525915 2.0 64000
1695831573296 2.0 68000
1695831620533 2.0 72000
1695831667970 2.0 76000
1695831716059 2.0 80000
1695831763157 2.0 84000
1695831811289 2.0 88000
1695831859921 2.0 92000
1695831908382 2.0 96000
1695831956057 2.0 100000
1695832003353 2.0 104000
1695832050602 2.0 108000
1695832097834 2.0 112000
1695832145099 2.0 116000
1695832192843 2.0 120000
