1695830818422 50.0 4000
1695830862967 50.0 8000
1695830907716 50.0 12000
1695830954284 50.0 16000
1695831002676 50.0 20000
1695831049807 50.0 24000
1695831097325 50.0 28000
1695831144810 50.0 32000
1695831191318 50.0 36000
1695831241001 50.0 40000
1695831287659 50.0 44000
1695831333919 50.0 48000
1695831380731 50.0 52000
1695831430585 50.0 56000
1695831477746 50.0 60000
1695831525912 50.0 64000
1695831573294 50.0 68000
1695831620533 50.0 72000
1695831667970 50.0 76000
1695831716059 50.0 80000
1695831763157 50.0 84000
1695831811289 50.0 88000
1695831859919 50.0 92000
1695831908379 50.0 96000
1695831956057 50.0 100000
1695832003353 50.0 104000
1695832050602 50.0 108000
1695832097832 50.0 112000
1695832145099 50.0 116000
1695832192841 50.0 120000
