1695830818422 84.0 4000
1695830862967 84.0 8000
1695830907733 84.0 12000
1695830954289 84.0 16000
1695831002692 84.0 20000
1695831049807 84.0 24000
1695831097330 84.0 28000
1695831144810 84.0 32000
1695831191324 84.0 36000
1695831241001 84.0 40000
1695831287675 84.0 44000
1695831333935 84.0 48000
1695831380731 84.0 52000
1695831430585 84.0 56000
1695831477746 84.0 60000
1695831525918 84.0 64000
1695831573300 84.0 68000
1695831620533 84.0 72000
1695831667970 84.0 76000
1695831716059 84.0 80000
1695831763172 84.0 84000
1695831811289 84.0 88000
1695831859924 84.0 92000
1695831908385 84.0 96000
1695831956057 84.0 100000
1695832003353 84.0 104000
1695832050618 84.0 108000
1695832097837 84.0 112000
1695832145099 84.0 116000
1695832192846 84.0 120000
