1695830818422 1.0 4000
1695830862967 1.0 8000
1695830907733 1.0 12000
1695830954288 1.0 16000
1695831002692 1.0 20000
1695831049807 1.0 24000
1695831097330 1.0 28000
1695831144810 1.0 32000
1695831191323 1.0 36000
1695831241001 1.0 40000
1695831287659 1.0 44000
1695831333935 1.0 48000
1695831380731 1.0 52000
1695831430585 1.0 56000
1695831477746 1.0 60000
1695831525918 1.0 64000
1695831573299 1.0 68000
1695831620533 1.0 72000
1695831667970 1.0 76000
1695831716059 1.0 80000
1695831763172 1.0 84000
1695831811289 1.0 88000
1695831859923 1.0 92000
1695831908384 1.0 96000
1695831956057 1.0 100000
1695832003353 1.0 104000
1695832050618 1.0 108000
1695832097837 1.0 112000
1695832145099 1.0 116000
1695832192846 1.0 120000
