1695830818406 256.0 4000
1695830862950 256.0 8000
1695830907716 256.0 12000
1695830954270 256.0 16000
1695831002676 256.0 20000
1695831049800 256.0 24000
1695831097316 256.0 28000
1695831144795 256.0 32000
1695831191310 256.0 36000
1695831241001 256.0 40000
1695831287659 256.0 44000
1695831333919 256.0 48000
1695831380716 256.0 52000
1695831430570 256.0 56000
1695831477731 256.0 60000
1695831525903 256.0 64000
1695831573286 256.0 68000
1695831620518 256.0 72000
1695831667954 256.0 76000
1695831716043 256.0 80000
1695831763157 256.0 84000
1695831811273 256.0 88000
1695831859910 256.0 92000
1695831908369 256.0 96000
1695831956041 256.0 100000
1695832003338 256.0 104000
1695832050602 256.0 108000
1695832097815 256.0 112000
1695832145084 256.0 116000
1695832192831 256.0 120000
