1695830818406 20.0 4000
1695830862950 20.0 8000
1695830907716 20.0 12000
1695830954270 20.0 16000
1695831002676 20.0 20000
1695831049800 20.0 24000
1695831097315 20.0 28000
1695831144795 20.0 32000
1695831191309 20.0 36000
1695831240985 20.0 40000
1695831287659 20.0 44000
1695831333919 20.0 48000
1695831380716 20.0 52000
1695831430570 20.0 56000
1695831477731 20.0 60000
1695831525902 20.0 64000
1695831573285 20.0 68000
1695831620518 20.0 72000
1695831667954 20.0 76000
1695831716043 20.0 80000
1695831763157 20.0 84000
1695831811273 20.0 88000
1695831859908 20.0 92000
1695831908367 20.0 96000
1695831956041 20.0 100000
1695832003338 20.0 104000
1695832050602 20.0 108000
1695832097815 20.0 112000
1695832145084 20.0 116000
1695832192830 20.0 120000
