1695830818391 0.0 4000
1695830862950 0.0 8000
1695830907716 0.0 12000
1695830954270 0.0 16000
1695831002676 0.0 20000
1695831049792 0.0 24000
1695831097312 0.0 28000
1695831144795 0.0 32000
1695831191305 0.0 36000
1695831240985 0.0 40000
1695831287643 0.0 44000
1695831333919 0.0 48000
1695831380716 0.0 52000
1695831430570 0.0 56000
1695831477731 0.0 60000
1695831525900 0.0 64000
1695831573282 0.0 68000
1695831620518 0.0 72000
1695831667954 0.0 76000
1695831716043 0.0 80000
1695831763141 0.0 84000
1695831811273 0.0 88000
1695831859905 0.0 92000
1695831908364 0.0 96000
1695831956041 0.0 100000
1695832003338 0.0 104000
1695832050587 0.0 108000
1695832097815 0.0 112000
1695832145084 0.0 116000
1695832192828 0.0 120000
