1695827563253 0.20000000000000004 4000
1695827606769 0.20000000000000004 8000
1695827652225 0.20000000000000004 12000
1695827698721 0.20000000000000004 16000
1695827745618 0.20000000000000004 20000
1695827792093 0.20000000000000004 24000
1695827839339 0.20000000000000004 28000
1695827886038 0.20000000000000004 32000
1695827933215 0.20000000000000004 36000
1695827979371 0.20000000000000004 40000
1695828025298 0.20000000000000004 44000
1695828072029 0.20000000000000004 48000
1695828118478 0.20000000000000004 52000
1695828164360 0.20000000000000004 56000
1695828210926 0.20000000000000004 60000
1695828257061 0.20000000000000004 64000
1695828305565 0.20000000000000004 68000
1695828352173 0.20000000000000004 72000
1695828398028 0.20000000000000004 76000
1695828445063 0.20000000000000004 80000
1695828491465 0.20000000000000004 84000
1695828538129 0.20000000000000004 88000
1695828584177 0.20000000000000004 92000
1695828632104 0.20000000000000004 96000
1695828678812 0.20000000000000004 100000
1695828725594 0.20000000000000004 104000
1695828771512 0.20000000000000004 108000
1695828818277 0.20000000000000004 112000
1695828865425 0.20000000000000004 116000
1695828911445 0.20000000000000004 120000
1695828958086 0.20000000000000004 124000
1695829004871 0.20000000000000004 128000
1695829052256 0.20000000000000004 132000
1695829099264 0.20000000000000004 136000
1695829146388 0.20000000000000004 140000
1695829193451 0.20000000000000004 144000
1695829239984 0.20000000000000004 148000
1695829287510 0.20000000000000004 152000
1695829334880 0.20000000000000004 156000
1695829382999 0.20000000000000004 160000
1695829431229 0.20000000000000004 164000
