1695827563254 5.0000000000000016e-05 4000
1695827606769 5.0000000000000016e-05 8000
1695827652225 5.0000000000000016e-05 12000
1695827698721 5.0000000000000016e-05 16000
1695827745618 5.0000000000000016e-05 20000
1695827792093 5.0000000000000016e-05 24000
1695827839339 5.0000000000000016e-05 28000
1695827886038 5.0000000000000016e-05 32000
1695827933215 5.0000000000000016e-05 36000
1695827979371 5.0000000000000016e-05 40000
1695828025298 5.0000000000000016e-05 44000
1695828072029 5.0000000000000016e-05 48000
1695828118478 5.0000000000000016e-05 52000
1695828164361 5.0000000000000016e-05 56000
1695828210926 5.0000000000000016e-05 60000
1695828257061 5.0000000000000016e-05 64000
1695828305580 5.0000000000000016e-05 68000
1695828352173 5.0000000000000016e-05 72000
1695828398028 5.0000000000000016e-05 76000
1695828445063 5.0000000000000016e-05 80000
1695828491466 5.0000000000000016e-05 84000
1695828538129 5.0000000000000016e-05 88000
1695828584177 5.0000000000000016e-05 92000
1695828632105 5.0000000000000016e-05 96000
1695828678812 5.0000000000000016e-05 100000
1695828725594 5.0000000000000016e-05 104000
1695828771512 5.0000000000000016e-05 108000
1695828818277 5.0000000000000016e-05 112000
1695828865425 5.0000000000000016e-05 116000
1695828911450 5.0000000000000016e-05 120000
1695828958086 5.0000000000000016e-05 124000
1695829004871 5.0000000000000016e-05 128000
1695829052256 5.0000000000000016e-05 132000
1695829099264 5.0000000000000016e-05 136000
1695829146388 5.0000000000000016e-05 140000
1695829193451 5.0000000000000016e-05 144000
1695829239984 5.0000000000000016e-05 148000
1695829287510 5.0000000000000016e-05 152000
1695829334881 5.0000000000000016e-05 156000
1695829382999 5.0000000000000016e-05 160000
1695829431234 5.0000000000000016e-05 164000
