1695827563261 1.9346801339338222 4000
1695827606769 1.9272189684212209 8000
1695827652225 1.9184904317061107 12000
1695827698721 1.8915058260162672 16000
1695827745618 1.8704628109931947 20000
1695827792109 1.8355021490405004 24000
1695827839345 1.796001564959685 28000
1695827886038 1.8099560871720315 32000
1695827933215 1.8222477208822965 36000
1695827979386 1.8056559812277555 40000
1695828025298 1.7925616480410098 44000
1695828072045 1.7609023746103047 48000
1695828118478 1.6917644156763951 52000
1695828164361 1.6787136655300856 56000
1695828210933 1.6400951830049355 60000
1695828257077 1.574859410027663 64000
1695828305580 1.5774526325364908 68000
1695828352188 1.5237053419152895 72000
1695828398028 1.5214026223868131 76000
1695828445063 1.5190902229398489 80000
1695828491471 1.5163226815561452 84000
1695828538129 1.4734097028772035 88000
1695828584192 1.4155886525909105 92000
1695828632110 1.5000215999782085 96000
1695828678828 1.3550502532472213 100000
1695828725609 1.3113742860654989 104000
1695828771512 1.2559666217615206 108000
1695828818277 1.2905643896510204 112000
1695828865441 1.2081874792774518 116000
1695828911450 1.2715111436943214 120000
1695828958101 1.1061870165169239 124000
1695829004887 1.1711002523700396 128000
1695829052272 1.0879003563895822 132000
1695829099264 1.0423883874590198 136000
1695829146388 1.0486676571890712 140000
1695829193451 1.0896086650590102 144000
1695829239984 1.0170720430711906 148000
1695829287510 0.9678362745791673 152000
1695829334887 1.0388161514575283 156000
1695829383014 1.0416926881919304 160000
1695829431234 1.0391025245189667 164000
