1695827563262 0.0010000000000000005 4000
1695827606769 0.0010000000000000005 8000
1695827652225 0.0010000000000000005 12000
1695827698721 0.0010000000000000005 16000
1695827745618 0.0010000000000000005 20000
1695827792109 0.0010000000000000005 24000
1695827839345 0.0010000000000000005 28000
1695827886038 0.0010000000000000005 32000
1695827933215 0.0010000000000000005 36000
1695827979386 0.0010000000000000005 40000
1695828025298 0.0010000000000000005 44000
1695828072045 0.0010000000000000005 48000
1695828118478 0.0010000000000000005 52000
1695828164361 0.0010000000000000005 56000
1695828210933 0.0010000000000000005 60000
1695828257077 0.0010000000000000005 64000
1695828305580 0.0010000000000000005 68000
1695828352188 0.0010000000000000005 72000
1695828398028 0.0010000000000000005 76000
1695828445078 0.0010000000000000005 80000
1695828491472 0.0010000000000000005 84000
1695828538129 0.0010000000000000005 88000
1695828584192 0.0010000000000000005 92000
1695828632111 0.0010000000000000005 96000
1695828678828 0.0010000000000000005 100000
1695828725609 0.0010000000000000005 104000
1695828771528 0.0010000000000000005 108000
1695828818292 0.0010000000000000005 112000
1695828865441 0.0010000000000000005 116000
1695828911450 0.0010000000000000005 120000
1695828958101 0.0010000000000000005 124000
1695829004887 0.0010000000000000005 128000
1695829052272 0.0010000000000000005 132000
1695829099264 0.0010000000000000005 136000
1695829146394 0.0010000000000000005 140000
1695829193451 0.0010000000000000005 144000
1695829240000 0.0010000000000000005 148000
1695829287510 0.0010000000000000005 152000
1695829334888 0.0010000000000000005 156000
1695829383014 0.0010000000000000005 160000
1695829431234 0.0010000000000000005 164000
