1695827563252 0.6003381473012268 4000
1695827606769 0.6479784936333696 8000
1695827652225 0.7101145058249434 12000
1695827698721 0.8079657768520216 16000
1695827745618 0.8812527597571412 20000
1695827792093 1.0554634217483303 24000
1695827839339 1.127799331024289 28000
1695827886038 1.0967579717126985 32000
1695827933215 1.0517218819819392 36000
1695827979371 1.1803002124031385 40000
1695828025298 1.1336790533425907 44000
1695828072029 1.1349202400694292 48000
1695828118462 1.2901233586172263 52000
1695828164359 1.3065418563783169 56000
1695828210926 1.3095767506708702 60000
1695828257061 1.3212580040718118 64000
1695828305565 1.4446643519525726 68000
1695828352173 1.4693388109405836 72000
1695828398027 1.315901661446939 76000
1695828445063 1.4288936130702496 80000
1695828491464 1.4215288539106647 84000
1695828538129 1.372762706875801 88000
1695828584177 1.4502590570598841 92000
1695828632103 1.4653754078783094 96000
1695828678812 1.3809251189231873 100000
1695828725594 1.38048805706203 104000
1695828771512 1.4273445717990398 108000
1695828818277 1.4545319331188997 112000
1695828865425 1.3139887569782636 116000
1695828911445 1.4020658944112558 120000
1695828958086 1.5572536831411223 124000
1695829004871 1.5199010240845383 128000
1695829052256 1.4889043536658089 132000
1695829099248 1.4554901442800958 136000
1695829146378 1.261430560083439 140000
1695829193451 1.4475966213891904 144000
1695829239984 1.5501150862313806 148000
1695829287510 1.3126266806696851 152000
1695829334879 1.551813454212 156000
1695829382999 1.655882421756784 160000
1695829431229 1.4615304723071556 164000
