1695827563260 0.011383669187457457 4000
1695827606769 0.009150128537270907 8000
1695827652225 0.01365124113394316 12000
1695827698721 0.01490495308595204 16000
1695827745618 0.011183787871484203 20000
1695827792109 0.013650609777627342 24000
1695827839345 0.009585898542215988 28000
1695827886038 0.012287109843342754 32000
1695827933215 0.008566495037465106 36000
1695827979386 0.01390448981414778 40000
1695828025298 0.014643740792770666 44000
1695828072045 0.012876440998801779 48000
1695828118478 0.012200544124559821 52000
1695828164361 0.012817222759023632 56000
1695828210933 0.011026011238152309 60000
1695828257077 0.013910828718024145 64000
1695828305580 0.010939283270547611 68000
1695828352188 0.013196359166698268 72000
1695828398028 0.011416070727842693 76000
1695828445063 0.01577757938160005 80000
1695828491470 0.010517243037133873 84000
1695828538129 0.014011029748874144 88000
1695828584192 0.011962417444931728 92000
1695828632109 0.008028925705703216 96000
1695828678812 0.010622171939341266 100000
1695828725609 0.011274790545801187 104000
1695828771512 0.011929327329001796 108000
1695828818277 0.014630549152948832 112000
1695828865441 0.014850987525112484 116000
1695828911450 0.01115807614176965 120000
1695828958086 0.009689467217229245 124000
1695829004887 0.011409480112217681 128000
1695829052272 0.00874600846790454 132000
1695829099264 0.010597307908205924 136000
1695829146388 0.008502869654625293 140000
1695829193451 0.0073288247389283 144000
1695829239984 0.008385183226913636 148000
1695829287510 0.009574060362985944 152000
1695829334886 0.016646489243035727 156000
1695829383014 0.007986326749342765 160000
1695829431234 0.007340551682341356 164000
