1695827563257 -0.016604212434807173 4000
1695827606769 -0.016130815522531823 8000
1695827652225 -0.022927945759147406 12000
1695827698721 -0.020683905597009774 16000
1695827745618 -0.01913722600584151 20000
1695827792109 -0.019567139752568134 24000
1695827839345 -0.019134296379828206 28000
1695827886038 -0.014646944445727665 32000
1695827933215 -0.015760527529346292 36000
1695827979386 -0.021787862350174693 40000
1695828025298 -0.02033284503801648 44000
1695828072029 -0.016146687173143923 48000
1695828118478 -0.021504045815284676 52000
1695828164361 -0.02199098496203078 56000
1695828210933 -0.01676859196231817 60000
1695828257061 -0.019326204466536486 64000
1695828305580 -0.019822065953242905 68000
1695828352173 -0.02152641734792269 72000
1695828398028 -0.01822549478432241 76000
1695828445063 -0.023621213558362796 80000
1695828491467 -0.019791750397416763 84000
1695828538129 -0.01878984995516172 88000
1695828584177 -0.021615762204358666 92000
1695828632106 -0.016429417366938044 96000
1695828678812 -0.01829915729297985 100000
1695828725609 -0.019013102189395188 104000
1695828771512 -0.022473273190068237 108000
1695828818277 -0.028514462259287634 112000
1695828865425 -0.02164420941019974 116000
1695828911450 -0.024758923090606306 120000
1695828958086 -0.017450938221494048 124000
1695829004887 -0.018879255699478865 128000
1695829052256 -0.016325104425292617 132000
1695829099264 -0.018249332142295314 136000
1695829146388 -0.01381395214945466 140000
1695829193451 -0.015100273646385175 144000
1695829239984 -0.01922649126960702 148000
1695829287510 -0.018271679807367037 152000
1695829334883 -0.02049304748919288 156000
1695829382999 -0.018491768162857625 160000
1695829431234 -0.014623788988683373 164000
