1695827563255 -0.005390097549995213 4000
1695827606769 -0.013222593040882202 8000
1695827652225 -0.02093599134653535 12000
1695827698721 -0.016305844831852784 16000
1695827745618 -0.015357286108474 20000
1695827792093 -0.017424987809863523 24000
1695827839345 -0.01370910874305385 28000
1695827886038 -0.008435576456092046 32000
1695827933215 -0.013127174454954609 36000
1695827979386 -0.01700966543830873 40000
1695828025298 -0.016746041831356705 44000
1695828072029 -0.010657322538706163 48000
1695828118478 -0.01389325592839062 52000
1695828164361 -0.018937524537977878 56000
1695828210926 -0.012018880783580243 60000
1695828257061 -0.009248030028053715 64000
1695828305580 -0.010908048321167978 68000
1695828352173 -0.018836703941269663 72000
1695828398028 -0.010788855234568472 76000
1695828445063 -0.018983808461598528 80000
1695828491467 -0.010484109807293862 84000
1695828538129 -0.0056289146382672095 88000
1695828584177 -0.015365271004520764 92000
1695828632105 -0.011566651349009286 96000
1695828678812 -0.016127823039641952 100000
1695828725609 -0.010019590470074035 104000
1695828771512 -0.01123816606971862 108000
1695828818277 -0.02272157846358217 112000
1695828865425 -0.014133539491255457 116000
1695828911450 -0.018477370130403868 120000
1695828958086 -0.008424248263448437 124000
1695829004887 -0.012745758194614609 128000
1695829052256 -0.009796371703487239 132000
1695829099264 -0.01611376425753406 136000
1695829146388 -0.01126796130956791 140000
1695829193451 -0.011549915160806752 144000
1695829239984 -0.016159181180955783 148000
1695829287510 -0.012569792512780016 152000
1695829334882 -0.008729811472524792 156000
1695829382999 -0.012978251039991543 160000
1695829431234 -0.006795657575336614 164000
