1695827563259 0.04694496411830187 4000
1695827606769 0.11927161452670892 8000
1695827652225 0.18940707929432393 12000
1695827698721 0.3521397076547146 16000
1695827745618 0.30271157852063574 20000
1695827792109 0.3418185761198401 24000
1695827839345 0.6075015626226862 28000
1695827886038 0.2200593431169788 32000
1695827933215 0.7151216161126892 36000
1695827979386 0.48782997044424214 40000
1695828025298 0.5118457232912381 44000
1695828072029 0.4135290741920471 48000
1695828118478 0.6698863327503204 52000
1695828164361 0.6747474928076068 56000
1695828210933 0.4845927093178034 60000
1695828257077 0.4140760593737165 64000
1695828305580 0.6289752605060737 68000
1695828352188 0.8065385174006223 72000
1695828398028 0.6217464290559291 76000
1695828445063 0.6914007941260933 80000
1695828491469 0.6522469871367017 84000
1695828538129 0.27849289725224174 88000
1695828584192 0.5261026980976263 92000
1695828632108 0.5772488030915459 96000
1695828678812 0.8558061420917511 100000
1695828725609 0.5606078823407491 104000
1695828771512 0.6263349428152044 108000
1695828818277 0.7822787664830685 112000
1695828865425 0.5549252431218823 116000
1695828911450 0.47960978268335264 120000
1695828958086 0.6561013038580616 124000
1695829004887 0.6731127820909023 128000
1695829052272 0.7411095377678673 132000
1695829099264 0.6382328268761436 136000
1695829146388 0.7152835736051202 140000
1695829193451 0.8806980134298404 144000
1695829239984 0.49946012447277705 148000
1695829287510 0.6878266907607515 152000
1695829334885 0.695608031625549 156000
1695829383014 0.6731535106897354 160000
1695829431234 0.6173251283665498 164000
