1695827563258 0.02174412125411133 4000
1695827606769 0.006010832416965665 8000
1695827652225 0.002360393663305634 12000
1695827698721 0.006577152640602435 16000
1695827745618 0.006827289381423422 20000
1695827792109 0.0024950647187021485 24000
1695827839345 0.010608018745794348 28000
1695827886038 0.011127805298019666 32000
1695827933215 0.005484604185039643 36000
1695827979386 0.007605908535212317 40000
1695828025298 0.004901232436168357 44000
1695828072029 0.009349956704318175 48000
1695828118478 0.013724892310953389 52000
1695828164361 0.004337459094555621 56000
1695828210933 0.008369209414619641 60000
1695828257077 0.01774173727632539 64000
1695828305580 0.01660722719389014 68000
1695828352188 0.003148293695145791 72000
1695828398028 0.013349656874197535 76000
1695828445063 0.006001958591635533 80000
1695828491468 0.01744102996381116 84000
1695828538129 0.023664277349598705 88000
1695828584192 0.010547192173423052 92000
1695828632107 0.009514003942119114 96000
1695828678812 0.0028038999921894477 100000
1695828725609 0.016099855048014432 104000
1695828771512 0.020210416905562547 108000
1695828818277 0.008314676797332747 112000
1695828865425 0.011497320035656837 116000
1695828911450 0.010642898721562233 120000
1695828958086 0.01638996782263954 124000
1695829004887 0.010045404198535834 128000
1695829052256 0.011734863480523928 132000
1695829099264 0.002116989039798985 136000
1695829146388 0.003788169200258077 140000
1695829193451 0.006348403541414882 144000
1695829239984 0.004814691744407658 148000
1695829287510 0.00950982236051156 152000
1695829334884 0.0189455092917342 156000
1695829383014 0.009915889303859634 160000
1695829431234 0.014798246893769828 164000
