1695830818487 0.5 4000
1695830863014 0.5 8000
1695830907764 0.5 12000
1695830954329 0.5 16000
1695831002740 0.5 20000
1695831049854 0.5 24000
1695831097372 0.5 28000
1695831144859 0.5 32000
1695831191355 0.5 36000
1695831241049 0.5 40000
1695831287713 0.5 44000
1695831333966 0.5 48000
1695831380780 0.5 52000
1695831430632 0.5 56000
1695831477794 0.5 60000
1695831525961 0.5 64000
1695831573343 0.5 68000
1695831620580 0.5 72000
1695831668012 0.5 76000
1695831716092 0.5 80000
1695831763206 0.5 84000
1695831811337 0.5 88000
1695831859968 0.5 92000
1695831908423 0.5 96000
1695831956104 0.5 100000
1695832003400 0.5 104000
1695832050650 0.5 108000
1695832097869 0.5 112000
1695832145153 0.5 116000
1695832192888 0.5 120000
