1695830818487 0.001 4000
1695830863014 0.001 8000
1695830907764 0.001 12000
1695830954329 0.001 16000
1695831002740 0.001 20000
1695831049854 0.001 24000
1695831097372 0.001 28000
1695831144859 0.001 32000
1695831191355 0.001 36000
1695831241049 0.001 40000
1695831287713 0.001 44000
1695831333966 0.001 48000
1695831380780 0.001 52000
1695831430632 0.001 56000
1695831477794 0.001 60000
1695831525962 0.001 64000
1695831573344 0.001 68000
1695831620580 0.001 72000
1695831668012 0.001 76000
1695831716108 0.001 80000
1695831763206 0.001 84000
1695831811337 0.001 88000
1695831859968 0.001 92000
1695831908423 0.001 96000
1695831956104 0.001 100000
1695832003400 0.001 104000
1695832050650 0.001 108000
1695832097869 0.001 112000
1695832145153 0.001 116000
1695832192889 0.001 120000
