1695839581299 332.519 4000
1695839613965 323.521 8000
1695839646132 322.584 12000
1695839677982 324.09 16000
1695839711461 319.905 20000
1695839744739 319.222 24000
1695839779249 316.742 28000
1695839813897 316.105 32000
1695839850576 313.935 36000
1695839886408 310.632 40000
1695839923928 303.887 44000
1695839959633 301.687 48000
1695839995787 299.222 52000
1695840030989 296.999 56000
1695840065072 298.068 60000
1695840100292 296.288 64000
1695840134418 296.625 68000
1695840168963 296.691 72000
1695840204544 295.741 76000
1695840239968 296.361 80000
1695840276797 298.55 84000
1695840312853 298.57 88000
1695840348227 299.619 92000
1695840382392 300.395 96000
1695840416354 300.378 100000
1695840451322 299.787 104000
1695840486038 299.831 108000
1695840521073 299.061 112000
1695840555209 301.448 116000
1695840589164 303.046 120000
