1695839581299 12029.383 4000
1695839613965 12363.951 8000
1695839646132 12399.88 12000
1695839677982 12342.233 16000
1695839711461 12503.731 20000
1695839744739 12530.463 24000
1695839779249 12628.557 28000
1695839813897 12654.042 32000
1695839850576 12741.504 36000
1695839886407 12876.975 40000
1695839923927 13162.785 44000
1695839959633 13258.763 48000
1695839995786 13368.014 52000
1695840030989 13468.073 56000
1695840065072 13419.748 60000
1695840100291 13500.369 64000
1695840134418 13485.018 68000
1695840168962 13482.022 72000
1695840204544 13525.363 76000
1695840239966 13497.072 80000
1695840276789 13398.089 84000
1695840312853 13397.202 88000
1695840348226 13350.3 92000
1695840382392 13315.802 96000
1695840416354 13316.558 100000
1695840451322 13342.828 104000
1695840486038 13340.849 108000
1695840521073 13375.191 112000
1695840555209 13269.303 116000
1695840589164 13199.334 120000
