1695839581299 17149.261 4000
1695839613965 18138.45 8000
1695839646121 18385.909 12000
1695839677982 18492.061 16000
1695839711461 18646.848 20000
1695839744739 18776.073 24000
1695839779234 18866.009 28000
1695839813897 19088.921 32000
1695839850576 19412.367 36000
1695839886405 19482.089 40000
1695839923926 19882.921 44000
1695839959633 20012.887 48000
1695839995786 20224.973 52000
1695840030988 20381.178 56000
1695840065072 20458.3 60000
1695840100290 20545.493 64000
1695840134418 20580.066 68000
1695840168961 20542.013 72000
1695840204544 20341.771 76000
1695840239965 20339.574 80000
1695840276789 20353.309 84000
1695840312853 20391.175 88000
1695840348225 20378.743 92000
1695840382392 20331.357 96000
1695840416354 20285.992 100000
1695840451322 20199.063 104000
1695840486038 20244.724 108000
1695840521073 20268.622 112000
1695840555209 20260.248 116000
1695840589164 20193.841 120000
