1695839581299 49.988 4000
1695839613965 49.29 8000
1695839646132 43.472 12000
1695839677982 43.055 16000
1695839711461 47.001 20000
1695839744739 49.846 24000
1695839779249 51.886 28000
1695839813897 53.802 32000
1695839850576 55.474 36000
1695839886409 53.583 40000
1695839923929 54.252 44000
1695839959647 54.204 48000
1695839995788 56.231 52000
1695840030990 58.519 56000
1695840065072 59.758 60000
1695840100293 59.011 64000
1695840134418 55.737 68000
1695840168964 53.985 72000
1695840204544 53.723 76000
1695840239969 56.843 80000
1695840276797 56.663 84000
1695840312853 56.725 88000
1695840348227 56.203 92000
1695840382392 52.839 96000
1695840416354 48.448 100000
1695840451322 49.076 104000
1695840486038 53.139 108000
1695840521073 52.904 112000
1695840555209 54.132 116000
1695840589164 52.975 120000
