1695839581299 29228.632 4000
1695839613965 30551.691 8000
1695839646121 30834.504 12000
1695839677982 30881.283 16000
1695839711461 31200.727 20000
1695839744739 31359.004 24000
1695839779234 31548.842 28000
1695839813897 31798.857 32000
1695839850561 32211.204 36000
1695839886404 32414.422 40000
1695839923925 33101.932 44000
1695839959633 33327.829 48000
1695839995784 33649.619 52000
1695840030987 33908.171 56000
1695840065072 33938.206 60000
1695840100289 34105.274 64000
1695840134418 34121.248 68000
1695840168960 34078.643 72000
1695840204544 33921.482 76000
1695840239964 33894.013 80000
1695840276789 33808.543 84000
1695840312853 33845.698 88000
1695840348224 33785.842 92000
1695840382392 33700.798 96000
1695840416354 33653.359 100000
1695840451322 33593.329 104000
1695840486038 33640.948 108000
1695840521073 33698.754 112000
1695840555209 33585.722 116000
1695840589164 33448.391 120000
