1695836126001 8.0 4000
1695836171536 8.0 8000
1695836218979 8.0 12000
1695836266612 8.0 16000
1695836314188 8.0 20000
1695836360676 8.0 24000
1695836417986 8.0 28000
1695836468646 8.0 32000
1695836516410 8.0 36000
1695836563043 8.0 40000
1695836609893 8.0 44000
1695836657181 8.0 48000
1695836704728 8.0 52000
1695836751612 8.0 56000
1695836798809 8.0 60000
1695836847056 8.0 64000
1695836894701 8.0 68000
1695836941882 8.0 72000
1695836989156 8.0 76000
1695837036082 8.0 80000
1695837083415 8.0 84000
1695837129712 8.0 88000
1695837177264 8.0 92000
1695837225491 8.0 96000
1695837273046 8.0 100000
1695837319339 8.0 104000
1695837366084 8.0 108000
1695837413592 8.0 112000
1695837464464 8.0 116000
1695837514644 8.0 120000
1695837563468 8.0 124000
1695837610647 8.0 128000
1695837658384 8.0 132000
1695837706084 8.0 136000
1695837753581 8.0 140000
1695837803765 8.0 144000
1695837852154 8.0 148000
1695837899921 8.0 152000
1695837947093 8.0 156000
1695837994004 8.0 160000
1695838041540 8.0 164000
1695838089636 8.0 168000
1695838138710 8.0 172000
1695838190557 8.0 176000
