1695827563072 nan 4000
1695827606555 1.577156250000003 8000
1695827652034 1.577156250000003 12000
1695827698531 1.1512055938377819 16000
1695827745423 1.1512055938377819 20000
1695827791906 1.0956884610179671 24000
1695827839139 1.0271540963623689 28000
1695827885846 1.0168780137385176 32000
1695827933025 1.151688525423105 36000
1695827979180 1.2069668989138118 40000
1695828025075 1.1930050637619505 44000
1695828071839 1.2482954441090683 48000
1695828118286 1.300102449214232 52000
1695828164153 1.3378179490143596 56000
1695828210714 1.364383566940871 60000
1695828256849 1.3745735036803979 64000
1695828305381 1.3941515349139006 68000
1695828351979 1.4120303789090791 72000
1695828397837 1.434513360644466 76000
1695828444868 1.4467015411257071 80000
1695828491267 1.4654665061495173 84000
1695828537938 1.4820116629027642 88000
1695828583985 1.522075994953439 92000
1695828631895 1.539047799387065 96000
1695828678589 1.5397028611873962 100000
1695828725402 1.5506657430146102 104000
1695828771321 1.618710443744738 108000
1695828818086 1.6759449927078172 112000
1695828865234 1.7722387432267876 116000
1695828911238 1.829998057555382 120000
1695828957895 1.879340513334283 124000
1695829004680 1.9214758080906083 128000
1695829052064 1.9958270099952262 132000
1695829099042 2.008821853745226 136000
1695829146187 2.0474761298733872 140000
1695829193259 2.0733832075896608 144000
1695829239793 2.104189587711499 148000
1695829287319 2.1429513764777526 152000
1695829334677 2.1882384203658445 156000
1695829382804 2.228417300487682 160000
1695829431036 2.2871394936753613 164000
