1695827563072 nan 4000
1695827606555 750.0 8000
1695827652034 750.0 12000
1695827698531 1140.8181818181818 16000
1695827745423 1140.8181818181818 20000
1695827791906 1152.4166666666667 24000
1695827839139 1203.45 28000
1695827885846 1175.0 32000
1695827933025 1133.5925925925926 36000
1695827979180 1129.9354838709678 40000
1695828025075 1139.030303030303 44000
1695828071839 1137.4054054054054 48000
1695828118286 1089.6976744186047 52000
1695828164153 1080.9565217391305 56000
1695828210714 1069.7884615384614 60000
1695828256865 1071.3703703703704 64000
1695828305382 1065.6379310344828 68000
1695828351979 1060.0 72000
1695828397837 1061.3333333333333 76000
1695828444868 1063.0714285714287 80000
1695828491268 1063.8108108108108 84000
1695828537938 1058.948051948052 88000
1695828583985 1049.5764705882352 92000
1695828631895 1041.5862068965516 96000
1695828678589 1044.2954545454545 100000
1695828725402 1048.7473684210527 104000
1695828771321 1013.95 108000
1695828818086 990.33 112000
1695828865234 954.92 116000
1695828911238 916.24 120000
1695828957895 890.7 124000
1695829004680 868.57 128000
1695829052064 819.04 132000
1695829099042 809.17 136000
1695829146187 790.82 140000
1695829193259 767.94 144000
1695829239793 747.2 148000
1695829287319 718.28 152000
1695829334678 675.86 156000
1695829382804 640.56 160000
1695829431037 578.57 164000
