1695827563072 nan 4000
1695827606555 1.577156250000003 8000
1695827652034 1.577156250000003 12000
1695827698531 2.0450781250000016 16000
1695827745423 2.0450781250000016 20000
1695827791890 2.0450781250000016 24000
1695827839139 2.0450781250000016 28000
1695827885831 2.0450781250000016 32000
1695827933025 2.245478033544062 36000
1695827979180 2.409587408544061 40000
1695828025075 2.409587408544061 44000
1695828071839 2.409587408544061 48000
1695828118271 2.7681342835440566 52000
1695828164153 2.7681342835440566 56000
1695828210714 2.7681342835440566 60000
1695828256849 2.7681342835440566 64000
1695828305380 2.882240112816172 68000
1695828351979 2.882240112816172 72000
1695828397821 2.882240112816172 76000
1695828444868 2.882240112816172 80000
1695828491265 2.882240112816172 84000
1695828537938 2.882240112816172 88000
1695828583985 2.882240112816172 92000
1695828631895 2.882240112816172 96000
1695828678589 2.882240112816172 100000
1695828725402 2.882240112816172 104000
1695828771321 2.917177612816171 108000
1695828818070 2.917177612816171 112000
1695828865234 2.917177612816171 116000
1695828911238 2.917177612816171 120000
1695828957895 2.954693237815204 124000
1695829004680 2.954693237815204 128000
1695829052064 2.954693237815204 132000
1695829099042 2.954693237815204 136000
1695829146187 2.954693237815204 140000
1695829193259 2.954693237815204 144000
1695829239793 2.954693237815204 148000
1695829287319 2.954693237815204 152000
1695829334676 2.9691463628152035 156000
1695829382804 2.9691463628152035 160000
1695829431034 2.9691463628152035 164000
