1695827563072 nan 4000
1695827606555 1.577156250000003 8000
1695827652034 1.577156250000003 12000
1695827698531 0.10249999999999965 16000
1695827745423 0.10249999999999965 20000
1695827791906 0.10249999999999965 24000
1695827839139 0.10249999999999965 28000
1695827885846 0.10249999999999965 32000
1695827933025 0.10249999999999965 36000
1695827979180 0.10249999999999965 40000
1695828025075 0.10249999999999965 44000
1695828071839 0.10249999999999965 48000
1695828118286 0.10249999999999965 52000
1695828164153 0.10249999999999965 56000
1695828210714 0.10249999999999965 60000
1695828256849 0.10249999999999965 64000
1695828305381 0.10249999999999965 68000
1695828351979 0.10249999999999965 72000
1695828397821 0.10249999999999965 76000
1695828444868 0.10249999999999965 80000
1695828491266 0.10249999999999965 84000
1695828537938 0.10249999999999965 88000
1695828583985 0.10249999999999965 92000
1695828631895 0.10249999999999965 96000
1695828678589 0.10249999999999965 100000
1695828725402 0.10249999999999965 104000
1695828771321 0.10249999999999965 108000
1695828818086 0.3845000000000071 112000
1695828865234 0.3845000000000071 116000
1695828911238 0.3845000000000071 120000
1695828957895 0.3845000000000071 124000
1695829004680 0.3845000000000071 128000
1695829052064 0.46249999999999974 132000
1695829099042 0.46249999999999974 136000
1695829146187 0.6031932378161876 140000
1695829193259 0.6031932378161876 144000
1695829239793 0.6031932378161876 148000
1695829287319 0.6031932378161876 152000
1695829334676 0.6031932378161876 156000
1695829382804 0.6031932378161876 160000
1695829431035 0.6031932378161876 164000
