1695827563072 0.0 4000
1695827606555 0.0 8000
1695827652034 0.0 12000
1695827698531 0.0 16000
1695827745423 0.0 20000
1695827791906 0.0 24000
1695827839139 0.0 28000
1695827885846 0.0 32000
1695827933025 0.0 36000
1695827979180 0.0 40000
1695828025075 0.0 44000
1695828071839 0.0 48000
1695828118286 0.0 52000
1695828164153 0.0 56000
1695828210714 0.0 60000
1695828256865 0.0 64000
1695828305384 0.0 68000
1695828351979 0.0 72000
1695828397837 0.0 76000
1695828444868 0.0 80000
1695828491269 0.0 84000
1695828537938 0.0 88000
1695828583985 0.0 92000
1695828631895 0.0 96000
1695828678604 0.0 100000
1695828725402 0.0 104000
1695828771321 0.0 108000
1695828818086 0.0 112000
1695828865234 0.0 116000
1695828911238 0.0 120000
1695828957895 0.0 124000
1695829004680 0.0 128000
1695829052080 0.0 132000
1695829099057 0.0 136000
1695829146187 0.0 140000
1695829193259 0.0 144000
1695829239793 0.0 148000
1695829287319 0.0 152000
1695829334680 0.0 156000
1695829382820 0.0 160000
1695829431039 0.0 164000
