1695836125878 nan 4000
1695836171425 nan 8000
1695836218861 nan 12000
1695836266453 0.5929999999999997 16000
1695836314045 0.5929999999999997 20000
1695836360516 0.5929999999999997 24000
1695836417796 0.5929999999999997 28000
1695836468493 0.5929999999999997 32000
1695836516267 0.5929999999999997 36000
1695836562883 0.5929999999999997 40000
1695836609735 0.5929999999999997 44000
1695836657015 0.5929999999999997 48000
1695836704575 0.5929999999999997 52000
1695836751450 0.5929999999999997 56000
1695836798658 0.5929999999999997 60000
1695836846898 0.5929999999999997 64000
1695836894551 0.5929999999999997 68000
1695836941724 0.5929999999999997 72000
1695836989012 0.5929999999999997 76000
1695837035923 0.5929999999999997 80000
1695837083272 0.4309999999999995 84000
1695837129569 0.4309999999999995 88000
1695837177114 0.4309999999999995 92000
1695837225329 0.4309999999999995 96000
1695837272880 0.4309999999999995 100000
1695837319171 0.4309999999999995 104000
1695837365926 0.4309999999999995 108000
1695837413442 0.4309999999999995 112000
1695837464305 0.4309999999999995 116000
1695837514486 0.4309999999999995 120000
1695837563321 0.4309999999999995 124000
1695837610505 0.4309999999999995 128000
1695837658231 0.4309999999999995 132000
1695837705926 0.4309999999999995 136000
1695837753421 0.4309999999999995 140000
1695837803604 0.4309999999999995 144000
1695837851999 0.4309999999999995 148000
1695837899762 0.4309999999999995 152000
1695837946950 0.4309999999999995 156000
1695837993845 0.4309999999999995 160000
1695838041396 0.4309999999999995 164000
1695838089493 0.4309999999999995 168000
1695838138563 0.4309999999999995 172000
1695838190399 0.4309999999999995 176000
