1695836125879 nan 4000
1695836171425 nan 8000
1695836218862 nan 12000
1695836266453 1.1978100981359432 16000
1695836314045 1.1978100981359432 20000
1695836360531 1.2790657359820032 24000
1695836417796 1.3177214635711483 28000
1695836468495 1.322790530782046 32000
1695836516267 1.3308320927930066 36000
1695836562883 1.3726004706349015 40000
1695836609735 1.3929331002213947 44000
1695836657028 1.4514717157094719 48000
1695836704575 1.4457618634253318 52000
1695836751450 1.451418726215353 56000
1695836798659 1.497781320132483 60000
1695836846899 1.5241964471462968 64000
1695836894552 1.5463814332378631 68000
1695836941724 1.5853429828425996 72000
1695836989012 1.6095808080912788 76000
1695837035923 1.6117941122759536 80000
1695837083272 1.6073123848861777 84000
1695837129569 1.6141522464904579 88000
1695837177114 1.6190957411616484 92000
1695837225330 1.629314574888551 96000
1695837272880 1.653768773343352 100000
1695837319171 1.6658997873784192 104000
1695837365926 1.6697834618151657 108000
1695837413442 1.6708368205205388 112000
1695837464305 1.6761089684000148 116000
1695837514486 1.6937832791129075 120000
1695837563321 1.7280533719489943 124000
1695837610505 1.7370803043271559 128000
1695837658233 1.7439208330334792 132000
1695837705926 1.7750723553025642 136000
1695837753431 1.7769723553025643 140000
1695837803620 1.7992222437926235 144000
1695837851999 1.8282328846771088 148000
1695837899762 1.8547964369334418 152000
1695837946950 1.8655410889761626 156000
1695837993845 1.862190706459898 160000
1695838041396 1.870265508716221 164000
1695838089493 1.8887158085781182 168000
1695838138563 1.8933758085781178 172000
1695838190400 1.8852358085781182 176000
