1695836125881 nan 4000
1695836171425 nan 8000
1695836218863 nan 12000
1695836266453 1277.2 16000
1695836314045 1277.2 20000
1695836360531 1251.6363636363637 24000
1695836417796 1264.4 28000
1695836468497 1230.5238095238096 32000
1695836516267 1223.0869565217392 36000
1695836562883 1236.3666666666666 40000
1695836609735 1233.4516129032259 44000
1695836657028 1192.5294117647059 48000
1695836704575 1204.675 52000
1695836751450 1206.5121951219512 56000
1695836798660 1190.8478260869565 60000
1695836846900 1191.52 64000
1695836894553 1176.078431372549 68000
1695836941724 1168.280701754386 72000
1695836989012 1158.8333333333333 76000
1695837035939 1162.741935483871 80000
1695837083272 1166.6119402985075 84000
1695837129569 1169.619718309859 88000
1695837177114 1168.9722222222222 92000
1695837225331 1174.8157894736842 96000
1695837272880 1169.3902439024391 100000
1695837319171 1163.8095238095239 104000
1695837365926 1166.5116279069769 108000
1695837413442 1172.7472527472528 112000
1695837464305 1160.6526315789474 116000
1695837514486 1146.0707070707072 120000
1695837563321 1139.07 124000
1695837610505 1139.07 128000
1695837658233 1139.07 132000
1695837705926 1141.91 136000
1695837753431 1141.91 140000
1695837803620 1135.37 144000
1695837851999 1145.34 148000
1695837899762 1139.68 152000
1695837946950 1136.24 156000
1695837993845 1141.67 160000
1695838041396 1152.89 164000
1695838089493 1153.28 168000
1695838138563 1153.28 172000
1695838190401 1164.16 176000
