1695836125876 nan 4000
1695836171425 nan 8000
1695836218860 nan 12000
1695836266453 1.8387905335440786 16000
1695836314045 1.8387905335440786 20000
1695836360516 2.091622114442603 24000
1695836417796 2.091622114442603 28000
1695836468492 2.091622114442603 32000
1695836516267 2.106536987816189 36000
1695836562883 2.106536987816189 40000
1695836609735 2.106536987816189 44000
1695836657015 2.2789744878161864 48000
1695836704575 2.2789744878161864 52000
1695836751450 2.2789744878161864 56000
1695836798657 2.5411619878161824 60000
1695836846897 2.5411619878161824 64000
1695836894550 2.6556307378161765 68000
1695836941724 2.6556307378161765 72000
1695836989012 2.6556307378161765 76000
1695837035923 2.6556307378161765 80000
1695837083256 2.6556307378161765 84000
1695837129553 2.6556307378161765 88000
1695837177098 2.6556307378161765 92000
1695837225329 2.6556307378161765 96000
1695837272880 2.8272557378161727 100000
1695837319171 2.8272557378161727 104000
1695837365926 2.8272557378161727 108000
1695837413442 2.8272557378161727 112000
1695837464305 2.8272557378161727 116000
1695837514486 2.8272557378161727 120000
1695837563319 2.8272557378161727 124000
1695837610505 2.8272557378161727 128000
1695837658231 2.8272557378161727 132000
1695837705926 2.8272557378161727 136000
1695837753421 2.8272557378161727 140000
1695837803604 2.8272557378161727 144000
1695837851994 2.8272557378161727 148000
1695837899762 2.8272557378161727 152000
1695837946934 2.8272557378161727 156000
1695837993845 2.8272557378161727 160000
1695838041396 2.8272557378161727 164000
1695838089489 2.8272557378161727 168000
1695838138563 2.8272557378161727 172000
1695838190398 2.8272557378161727 176000
