1695836125883 0.0 4000
1695836171442 0.0 8000
1695836218864 0.0 12000
1695836266462 0.0 16000
1695836314045 0.0 20000
1695836360531 0.0 24000
1695836417796 0.0 28000
1695836468498 0.0 32000
1695836516267 0.0 36000
1695836562898 0.0 40000
1695836609735 0.0 44000
1695836657031 0.0 48000
1695836704585 0.0 52000
1695836751450 0.0 56000
1695836798661 0.0 60000
1695836846902 0.0 64000
1695836894555 0.0 68000
1695836941740 0.0 72000
1695836989012 0.0 76000
1695837035940 0.0 80000
1695837083272 0.0 84000
1695837129569 0.0 88000
1695837177114 0.0 92000
1695837225333 0.0 96000
1695837272880 0.0 100000
1695837319187 0.0 104000
1695837365926 0.0 108000
1695837413442 0.0 112000
1695837464305 0.0 116000
1695837514486 0.0 120000
1695837563321 0.0 124000
1695837610505 0.0 128000
1695837658233 0.0 132000
1695837705926 0.0 136000
1695837753431 0.0 140000
1695837803621 0.0 144000
1695837851999 0.0 148000
1695837899762 0.0 152000
1695837946950 0.0 156000
1695837993845 0.0 160000
1695838041403 0.0 164000
1695838089493 0.0 168000
1695838138571 0.0 172000
1695838190403 0.0 176000
