1695839581268 0.0 4000
1695839613954 0.0 8000
1695839646100 0.0 12000
1695839677916 0.0 16000
1695839711414 0.0 20000
1695839744692 0.0 24000
1695839779185 0.0 28000
1695839813848 0.0 32000
1695839850518 0.0 36000
1695839886347 0.0 40000
1695839923872 0.0 44000
1695839959583 0.0 48000
1695839995732 0.0 52000
1695840030931 0.0 56000
1695840065008 0.0 60000
1695840100229 0.0 64000
1695840134370 0.0 68000
1695840168902 0.0 72000
1695840204493 0.0 76000
1695840239907 0.0 80000
1695840276725 0.0 84000
1695840312793 0.0 88000
1695840348170 0.0 92000
1695840382325 0.0 96000
1695840416290 0.0 100000
1695840451274 0.0 104000
1695840485975 0.0 108000
1695840521010 0.0 112000
1695840555145 0.0 116000
1695840589115 0.0 120000
