1695839581257 nan 4000
1695839613933 nan 8000
1695839646084 nan 12000
1695839677899 0.13799999999999968 16000
1695839711398 0.13799999999999968 20000
1695839744675 0.13799999999999968 24000
1695839779170 0.13799999999999968 28000
1695839813817 0.13799999999999968 32000
1695839850498 0.13799999999999968 36000
1695839886328 0.13799999999999968 40000
1695839923849 0.13799999999999968 44000
1695839959565 0.13799999999999968 48000
1695839995714 0.13799999999999968 52000
1695840030913 0.13799999999999968 56000
1695840064988 0.13799999999999968 60000
1695840100210 0.13799999999999968 64000
1695840134339 0.13799999999999968 68000
1695840168878 0.13799999999999968 72000
1695840204462 0.13799999999999968 76000
1695840239890 0.13799999999999968 80000
1695840276709 0.13799999999999968 84000
1695840312776 0.13799999999999968 88000
1695840348152 0.13799999999999968 92000
1695840382318 0.13799999999999968 96000
1695840416287 0.13799999999999968 100000
1695840451259 0.13799999999999968 104000
1695840485959 0.5529999999999996 108000
1695840520993 -0.14000000000000054 112000
1695840555130 -0.14000000000000054 116000
1695840589084 -0.14500000000000055 120000
