1695839581257 0.0 4000
1695839613933 0.0 8000
1695839646084 0.0 12000
1695839677899 10.0 16000
1695839711398 0.0 20000
1695839744677 2.0 24000
1695839779170 8.0 28000
1695839813832 0.0 32000
1695839850498 2.0 36000
1695839886331 8.0 40000
1695839923852 1.0 44000
1695839959565 3.0 48000
1695839995716 8.0 52000
1695840030916 2.0 56000
1695840064988 3.0 60000
1695840100214 6.0 64000
1695840134354 2.0 68000
1695840168882 3.0 72000
1695840204477 6.0 76000
1695840239893 6.0 80000
1695840276709 4.0 84000
1695840312776 5.0 88000
1695840348155 8.0 92000
1695840382320 6.0 96000
1695840416290 9.0 100000
1695840451259 6.0 104000
1695840485959 5.0 108000
1695840520993 7.0 112000
1695840555130 3.0 116000
1695840589100 10.0 120000
