1695839581257 nan 4000
1695839613933 nan 8000
1695839646084 nan 12000
1695839677899 1280.0 16000
1695839711398 1280.0 20000
1695839744677 1215.8333333333333 24000
1695839779170 1241.5 28000
1695839813832 1241.5 32000
1695839850498 1222.0 36000
1695839886330 1237.4666666666667 40000
1695839923851 1209.8709677419354 44000
1695839959565 1203.235294117647 48000
1695839995716 1188.2380952380952 52000
1695840030915 1163.6818181818182 56000
1695840064988 1143.8297872340424 60000
1695840100214 1159.245283018868 64000
1695840134354 1143.3818181818183 68000
1695840168881 1130.0 72000
1695840204462 1100.890625 76000
1695840239892 1083.0857142857142 80000
1695840276709 1058.8918918918919 84000
1695840312776 1041.9240506329113 88000
1695840348154 1023.7241379310345 92000
1695840382320 978.8602150537635 96000
1695840416289 947.04 100000
1695840451259 896.29 104000
1695840485959 873.74 108000
1695840520993 835.31 112000
1695840555130 814.02 116000
1695840589100 767.18 120000
