1695839581257 nan 4000
1695839613933 nan 8000
1695839646084 nan 12000
1695839677899 0.9469793237815418 16000
1695839711398 0.9469793237815418 20000
1695839744677 1.1428821636205693 24000
1695839779170 1.2437614071797944 28000
1695839813817 1.2437614071797944 32000
1695839850498 1.2320913360725407 36000
1695839886329 1.251841308998544 40000
1695839923850 1.293352552417946 44000
1695839959565 1.3212022970761392 48000
1695839995715 1.372245608513845 52000
1695840030914 1.4175384865872571 56000
1695840064988 1.4637059441125087 60000
1695840100212 1.465785765327716 64000
1695840134339 1.4887758190942755 68000
1695840168880 1.520325817073451 72000
1695840204462 1.5676853721439001 76000
1695840239891 1.5961183304470081 80000
1695840276709 1.6334198432391343 84000
1695840312776 1.6651865202653258 88000
1695840348153 1.7066113805077578 92000
1695840382319 1.76225268863716 96000
1695840416288 1.8229327043360055 100000
1695840451259 1.9000365952204994 104000
1695840485959 1.9437218323986611 108000
1695840520993 1.9799940800042446 112000
1695840555130 2.0120069760105683 116000
1695840589100 2.0399549457096113 120000
