1695839581257 nan 4000
1695839613933 nan 8000
1695839646084 nan 12000
1695839677899 1.6436932378152347 16000
1695839711398 1.6436932378152347 20000
1695839744675 2.2929276128161855 24000
1695839779154 2.2929276128161855 28000
1695839813817 2.2929276128161855 32000
1695839850498 2.2929276128161855 36000
1695839886327 2.2929276128161855 40000
1695839923848 2.5386898550000065 44000
1695839959564 2.5386898550000065 48000
1695839995699 2.5386898550000065 52000
1695840030911 2.5386898550000065 56000
1695840064988 2.675458862816177 60000
1695840100209 2.675458862816177 64000
1695840134339 2.675458862816177 68000
1695840168877 2.675458862816177 72000
1695840204462 2.675458862816177 76000
1695840239889 2.7980057378161742 80000
1695840276709 2.7980057378161742 84000
1695840312775 2.7980057378161742 88000
1695840348150 2.7980057378161742 92000
1695840382317 2.7980057378161742 96000
1695840416286 2.7980057378161742 100000
1695840451256 2.842568237816174 104000
1695840485959 2.842568237816174 108000
1695840520993 2.842568237816174 112000
1695840555130 2.842568237816174 116000
1695840589084 2.896536987816172 120000
