1695839581284 0.0 4000
1695839613954 0.0 8000
1695839646100 0.0 12000
1695839677916 10.0 16000
1695839711414 10.0 20000
1695839744692 12.0 24000
1695839779185 20.0 28000
1695839813848 20.0 32000
1695839850518 22.0 36000
1695839886348 30.0 40000
1695839923873 31.0 44000
1695839959583 34.0 48000
1695839995733 42.0 52000
1695840030932 44.0 56000
1695840065008 47.0 60000
1695840100230 53.0 64000
1695840134370 55.0 68000
1695840168903 58.0 72000
1695840204493 64.0 76000
1695840239909 70.0 80000
1695840276725 74.0 84000
1695840312793 79.0 88000
1695840348171 87.0 92000
1695840382325 93.0 96000
1695840416306 102.0 100000
1695840451274 108.0 104000
1695840485975 113.0 108000
1695840521010 120.0 112000
1695840555145 123.0 116000
1695840589115 133.0 120000
