1695839581284 1.0 4000
1695839613954 2.0 8000
1695839646117 3.0 12000
1695839677916 4.0 16000
1695839711414 5.0 20000
1695839744692 6.0 24000
1695839779185 7.0 28000
1695839813848 8.0 32000
1695839850518 9.0 36000
1695839886354 10.0 40000
1695839923879 11.0 44000
1695839959583 12.0 48000
1695839995733 13.0 52000
1695840030939 14.0 56000
1695840065008 15.0 60000
1695840100237 16.0 64000
1695840134370 17.0 68000
1695840168909 18.0 72000
1695840204494 19.0 76000
1695840239915 20.0 80000
1695840276740 21.0 84000
1695840312793 22.0 88000
1695840348177 23.0 92000
1695840382342 24.0 96000
1695840416306 25.0 100000
1695840451274 26.0 104000
1695840485992 27.0 108000
1695840521025 28.0 112000
1695840555166 29.0 116000
1695840589115 30.0 120000
