1695839581268 4000.0 4000
1695839613933 8000.0 8000
1695839646100 12000.0 12000
1695839677915 16000.0 16000
1695839711398 20000.0 20000
1695839744677 24000.0 24000
1695839779170 28000.0 28000
1695839813832 32000.0 32000
1695839850498 36000.0 36000
1695839886339 40000.0 40000
1695839923864 44000.0 44000
1695839959565 48000.0 48000
1695839995716 52000.0 52000
1695840030923 56000.0 56000
1695840065006 60000.0 60000
1695840100221 64000.0 64000
1695840134354 68000.0 68000
1695840168894 72000.0 72000
1695840204478 76000.0 76000
1695840239900 80000.0 80000
1695840276725 84000.0 84000
1695840312776 88000.0 88000
1695840348162 92000.0 92000
1695840382325 96000.0 96000
1695840416290 100000.0 100000
1695840451259 104000.0 104000
1695840485975 108000.0 108000
1695840521010 112000.0 112000
1695840555145 116000.0 116000
1695840589100 120000.0 120000
