1695839581268 4000.0 4000
1695839613949 4000.0 8000
1695839646100 4000.0 12000
1695839677916 4000.0 16000
1695839711414 4000.0 20000
1695839744677 4000.0 24000
1695839779170 4000.0 28000
1695839813832 4000.0 32000
1695839850513 4000.0 36000
1695839886341 4000.0 40000
1695839923866 4000.0 44000
1695839959565 4000.0 48000
1695839995716 4000.0 52000
1695840030925 4000.0 56000
1695840065008 4000.0 60000
1695840100223 4000.0 64000
1695840134354 4000.0 68000
1695840168896 4000.0 72000
1695840204478 4000.0 76000
1695840239902 4000.0 80000
1695840276725 4000.0 84000
1695840312776 4000.0 88000
1695840348164 4000.0 92000
1695840382325 4000.0 96000
1695840416290 4000.0 100000
1695840451259 4000.0 104000
1695840485975 4000.0 108000
1695840521010 4000.0 112000
1695840555145 4000.0 116000
1695840589100 4000.0 120000
