1695839581268 0.0 4000
1695839613933 0.0 8000
1695839646100 0.0 12000
1695839677899 0.0 16000
1695839711398 0.0 20000
1695839744677 0.0 24000
1695839779170 0.0 28000
1695839813832 0.0 32000
1695839850498 0.0 36000
1695839886335 0.0 40000
1695839923856 0.0 44000
1695839959565 0.0 48000
1695839995716 0.0 52000
1695840030920 0.0 56000
1695840064988 0.0 60000
1695840100218 0.0 64000
1695840134354 0.0 68000
1695840168888 0.0 72000
1695840204478 0.0 76000
1695840239897 0.0 80000
1695840276720 0.0 84000
1695840312776 0.0 88000
1695840348159 0.0 92000
1695840382325 0.0 96000
1695840416290 0.0 100000
1695840451259 0.0 104000
1695840485959 0.0 108000
1695840521008 0.0 112000
1695840555145 0.0 116000
1695840589100 0.0 120000
