1695839581268 136.85211255479246 4000
1695839613950 125.491179782317 8000
1695839646100 127.38800265715636 12000
1695839677916 128.94234392382342 16000
1695839711414 123.15838304763457 20000
1695839744677 124.41527999896358 24000
1695839779170 122.3695489898107 28000
1695839813848 119.22872480270289 32000
1695839850513 112.64439137119486 36000
1695839886342 116.81089868624139 40000
1695839923867 110.7918613770425 44000
1695839959565 117.18618914175985 48000
1695839995716 115.5466939446192 52000
1695840030926 119.0223595064202 56000
1695840065008 122.02988577220187 60000
1695840100224 118.269457780536 64000
1695840134354 121.77445827231654 68000
1695840168897 120.76231719467991 72000
1695840204478 117.86071278476305 76000
1695840239903 117.75549971886298 80000
1695840276725 113.47830037329531 84000
1695840312776 115.92431950909803 88000
1695840348165 117.57968684244668 92000
1695840382325 122.11248131725652 96000
1695840416290 123.8218678456189 100000
1695840451259 120.40659974977395 104000
1695840485975 120.03431919946289 108000
1695840521010 118.6909207312124 112000
1695840555145 121.92134047710374 116000
1695840589100 122.71677380797097 120000
