1695839581257 10.0 4000
1695839613933 10.0 8000
1695839646100 10.0 12000
1695839677899 10.0 16000
1695839711398 10.0 20000
1695839744677 10.0 24000
1695839779170 10.0 28000
1695839813832 10.0 32000
1695839850498 10.0 36000
1695839886333 10.0 40000
1695839923854 10.0 44000
1695839959565 10.0 48000
1695839995716 10.0 52000
1695840030918 10.0 56000
1695840064988 10.0 60000
1695840100216 10.0 64000
1695840134354 10.0 68000
1695840168885 10.0 72000
1695840204478 10.0 76000
1695840239896 10.0 80000
1695840276720 10.0 84000
1695840312776 10.0 88000
1695840348156 10.0 92000
1695840382320 10.0 96000
1695840416290 10.0 100000
1695840451259 10.0 104000
1695840485959 10.0 108000
1695840520993 10.0 112000
1695840555145 10.0 116000
1695840589100 10.0 120000
