1695839581284 23644.0 4000
1695839613954 23644.0 8000
1695839646117 23644.0 12000
1695839677916 23644.0 16000
1695839711414 23644.0 20000
1695839744692 23644.0 24000
1695839779185 23644.0 28000
1695839813848 23644.0 32000
1695839850518 23644.0 36000
1695839886352 23644.0 40000
1695839923877 23644.0 44000
1695839959583 23644.0 48000
1695839995733 23644.0 52000
1695840030937 23644.0 56000
1695840065008 23644.0 60000
1695840100235 23644.0 64000
1695840134370 23644.0 68000
1695840168907 23644.0 72000
1695840204494 23644.0 76000
1695840239913 23644.0 80000
1695840276740 23644.0 84000
1695840312793 23644.0 88000
1695840348175 23644.0 92000
1695840382342 23644.0 96000
1695840416306 23644.0 100000
1695840451274 23644.0 104000
1695840485975 23644.0 108000
1695840521025 23644.0 112000
1695840555161 23644.0 116000
1695840589115 23644.0 120000
