1695839581284 1695839581.0 4000
1695839613954 1695839613.0 8000
1695839646116 1695839645.0 12000
1695839677916 1695839677.0 16000
1695839711414 1695839710.0 20000
1695839744692 1695839743.0 24000
1695839779185 1695839777.0 28000
1695839813848 1695839813.0 32000
1695839850518 1695839849.0 36000
1695839886350 1695839885.0 40000
1695839923875 1695839922.0 44000
1695839959583 1695839958.0 48000
1695839995733 1695839994.0 52000
1695840030934 1695840029.0 56000
1695840065008 1695840063.0 60000
1695840100232 1695840099.0 64000
1695840134370 1695840133.0 68000
1695840168905 1695840167.0 72000
1695840204494 1695840203.0 76000
1695840239911 1695840238.0 80000
1695840276725 1695840275.0 84000
1695840312793 1695840311.0 88000
1695840348173 1695840347.0 92000
1695840382342 1695840381.0 96000
1695840416306 1695840414.0 100000
1695840451274 1695840449.0 104000
1695840485975 1695840484.0 108000
1695840521010 1695840519.0 112000
1695840555161 1695840554.0 116000
1695840589115 1695840588.0 120000
