1695839581284 29.228631734848022 4000
1695839613954 61.103381872177124 8000
1695839646117 92.50351309776306 12000
1695839677916 123.54083108901978 16000
1695839711414 156.01933479309082 20000
1695839744692 188.16972661018372 24000
1695839779185 220.86481070518494 28000
1695839813848 254.41377305984497 32000
1695839850518 289.93425822257996 36000
1695839886353 324.1836476325989 40000
1695839923878 360.29343819618225 44000
1695839959583 394.44277238845825 48000
1695839995733 429.07432293891907 52000
1695840030938 462.681453704834 56000
1695840065008 495.4653778076172 60000
1695840100236 529.3022875785828 64000
1695840134370 562.1498982906342 68000
1695840168909 595.2808022499084 72000
1695840204494 629.2191681861877 76000
1695840239914 663.1878576278687 80000
1695840276740 698.4450659751892 84000
1695840312793 732.9503364562988 88000
1695840348176 766.9698181152344 92000
1695840382342 799.7308096885681 96000
1695840416306 832.0403065681458 100000
1695840451274 865.276829957962 104000
1695840485990 898.6006329059601 108000
1695840521025 932.3172481060028 112000
1695840555161 965.1252863407135 116000
1695840589115 997.730301618576 120000
