1695839581284 29.228631734848022 4000
1695839613954 31.8747501373291 8000
1695839646117 31.400131225585938 12000
1695839677916 31.037317991256714 16000
1695839711414 32.478503704071045 20000
1695839744692 32.150391817092896 24000
1695839779185 32.69508409500122 28000
1695839813848 33.548962354660034 32000
1695839850518 35.520485162734985 36000
1695839886351 34.24938941001892 40000
1695839923876 36.109790563583374 44000
1695839959583 34.149334192276 48000
1695839995733 34.631550550460815 52000
1695840030935 33.60713076591492 56000
1695840065008 32.7839241027832 60000
1695840100233 33.836909770965576 64000
1695840134370 32.84761071205139 68000
1695840168905 33.13090395927429 72000
1695840204494 33.9383659362793 76000
1695840239912 33.96868944168091 80000
1695840276740 35.25720834732056 84000
1695840312793 34.50527048110962 88000
1695840348174 34.01948165893555 92000
1695840382342 32.76099157333374 96000
1695840416306 32.30949687957764 100000
1695840451274 33.236523389816284 104000
1695840485975 33.32380294799805 108000
1695840521010 33.716615200042725 112000
1695840555161 32.80803823471069 116000
1695840589115 32.60501527786255 120000
