1695830907510 1.0 12000
1695830954072 0.18181818181818182 16000
1695831002455 0.25 20000
1695831049609 0.23076923076923078 24000
1695831097115 0.15 28000
1695831144604 0.25 32000
1695831191110 0.28 36000
1695831240796 0.23333333333333334 40000
1695831287453 0.21212121212121213 44000
1695831333728 0.2222222222222222 48000
1695831380526 0.21951219512195122 52000
1695831430379 0.20454545454545456 56000
1695831477554 0.1956521739130435 60000
1695831525675 0.17647058823529413 64000
1695831573080 0.18181818181818182 68000
1695831620327 0.19642857142857142 72000
1695831667763 0.1864406779661017 76000
1695831715858 0.171875 80000
1695831762955 0.16923076923076924 84000
1695831811083 0.18309859154929578 88000
1695831859712 0.18055555555555555 92000
1695831908160 0.18421052631578946 96000
1695831955834 0.175 100000
1695832003139 0.17073170731707318 104000
1695832050404 0.16279069767441862 108000
1695832097625 0.15555555555555556 112000
1695832144891 0.15217391304347827 116000
1695832192639 0.14583333333333334 120000
