1695830907510 1.0 12000
1695830954072 1.0 16000
1695831002471 1.0 20000
1695831049609 1.0 24000
1695831097117 1.0 28000
1695831144604 1.0 32000
1695831191110 1.0 36000
1695831240796 1.0 40000
1695831287453 1.0 44000
1695831333728 1.0 48000
1695831380526 1.0 52000
1695831430379 1.0 56000
1695831477554 1.0 60000
1695831525677 1.0 64000
1695831573080 1.0 68000
1695831620342 1.0 72000
1695831667765 1.0 76000
1695831715858 1.0 80000
1695831762957 1.0 84000
1695831811083 1.0 88000
1695831859714 1.0 92000
1695831908160 1.0 96000
1695831955847 1.0 100000
1695832003139 1.0 104000
1695832050404 1.0 108000
1695832097625 1.0 112000
1695832144907 1.0 116000
1695832192639 1.0 120000
