1695830907510 0.0 12000
1695830954072 0.0 16000
1695831002471 0.0 20000
1695831049609 0.0 24000
1695831097119 0.0 28000
1695831144604 0.0 32000
1695831191125 0.0 36000
1695831240796 0.0 40000
1695831287469 0.0 44000
1695831333728 0.0 48000
1695831380541 0.0 52000
1695831430379 0.0 56000
1695831477554 0.0 60000
1695831525710 0.0 64000
1695831573080 0.0 68000
1695831620342 0.0 72000
1695831667765 0.0 76000
1695831715858 0.0 80000
1695831762959 0.0 84000
1695831811099 0.0 88000
1695831859717 0.0 92000
1695831908166 0.0 96000
1695831955850 0.0 100000
1695832003139 0.0 104000
1695832050404 0.0 108000
1695832097625 0.0 112000
1695832144907 0.0 116000
1695832192639 0.0 120000
