1695832489599 0.1480468749999999 12000
1695832536910 -0.18500000000000014 16000
1695832583893 -0.18500000000000014 20000
1695832630973 -0.18500000000000014 24000
1695832679497 -0.18500000000000014 28000
1695832726534 -0.18500000000000014 32000
1695832772787 -0.18500000000000014 36000
1695832820058 -0.18500000000000014 40000
1695832867813 -0.18500000000000014 44000
1695832915165 -0.18500000000000014 48000
1695832962211 -0.18500000000000014 52000
1695833010530 -0.18500000000000014 56000
1695833058421 -0.18500000000000014 60000
1695833105380 -0.18500000000000014 64000
1695833151634 -0.18500000000000014 68000
1695833198037 -0.18500000000000014 72000
1695833244517 -0.18500000000000014 76000
1695833290627 -0.18500000000000014 80000
1695833336851 -0.18500000000000014 84000
1695833383413 -0.18500000000000014 88000
1695833431298 -0.18500000000000014 92000
1695833480072 -0.18500000000000014 96000
1695833527577 -0.18500000000000014 100000
1695833575284 -0.18500000000000014 104000
1695833622023 -0.18500000000000014 108000
1695833668639 -0.18500000000000014 112000
1695833716533 -0.18500000000000014 116000
1695833763170 -0.18500000000000014 120000
1695833810029 -0.18500000000000014 124000
1695833857718 -0.18500000000000014 128000
1695833906458 -0.17800000000000013 132000
1695833954087 -0.16200000000000012 136000
1695834000610 -0.16200000000000012 140000
1695834047782 -0.16200000000000012 144000
1695834094385 -0.16200000000000012 148000
1695834141869 -0.12800000000000009 152000
1695834188717 -0.12800000000000009 156000
1695834235376 -0.12800000000000009 160000
1695834282268 -0.12800000000000009 164000
