1695832489599 1.2200000000000044 12000
1695832536910 -0.16300000000000012 16000
1695832583893 -0.16300000000000012 20000
1695832630989 -0.16300000000000012 24000
1695832679497 -0.16300000000000012 28000
1695832726534 -0.16300000000000012 32000
1695832772787 -0.16300000000000012 36000
1695832820058 -0.16300000000000012 40000
1695832867813 -0.16300000000000012 44000
1695832915165 -0.16300000000000012 48000
1695832962212 -0.16300000000000012 52000
1695833010531 -0.16300000000000012 56000
1695833058421 -0.16300000000000012 60000
1695833105380 -0.16300000000000012 64000
1695833151650 -0.16300000000000012 68000
1695833198037 -0.16300000000000012 72000
1695833244517 -0.16300000000000012 76000
1695833290627 -0.16300000000000012 80000
1695833336851 -0.16300000000000012 84000
1695833383413 -0.16300000000000012 88000
1695833431298 -0.16300000000000012 92000
1695833480072 -0.16300000000000012 96000
1695833527577 -0.16300000000000012 100000
1695833575285 -0.16300000000000012 104000
1695833622024 -0.16300000000000012 108000
1695833668640 -0.16300000000000012 112000
1695833716534 -0.16300000000000012 116000
1695833763171 -0.16300000000000012 120000
1695833810030 -0.16300000000000012 124000
1695833857719 -0.1580000000000001 128000
1695833906458 -0.1580000000000001 132000
1695833954088 -0.12800000000000009 136000
1695834000611 0.7347586233735772 140000
1695834047783 0.7347586233735772 144000
1695834094386 0.7347586233735772 148000
1695834141870 0.7347586233735772 152000
1695834188718 0.7347586233735772 156000
1695834235376 0.7347586233735772 160000
1695834282268 0.7347586233735772 164000
