1695839581379 0.0 4000
1695839614044 0.0 8000
1695839646195 0.0 12000
1695839678059 0.0 16000
1695839711540 0.0 20000
1695839744818 0.0 24000
1695839779329 0.0 28000
1695839813978 0.0 32000
1695839850641 0.0 36000
1695839886483 0.0 40000
1695839924002 0.0 44000
1695839959716 0.0 48000
1695839995860 0.0 52000
1695840031063 0.0 56000
1695840065135 0.0 60000
1695840100366 0.0 64000
1695840134498 0.0 68000
1695840169044 0.0 72000
1695840204611 0.0 76000
1695840240040 0.0 80000
1695840276868 0.0 84000
1695840312931 0.0 88000
1695840348300 0.0 92000
1695840382463 0.0 96000
1695840416441 0.0 100000
1695840451402 0.0 104000
1695840486103 0.0 108000
1695840521136 0.0 112000
1695840555289 0.0 116000
1695840589243 0.0 120000
