1695839581315 0.0 4000
1695839613981 0.0 8000
1695839646148 0.0 12000
1695839677995 0.0 16000
1695839711492 0.0 20000
1695839744770 0.0 24000
1695839779266 0.0 28000
1695839813912 0.0 32000
1695839850594 0.0 36000
1695839886427 0.0 40000
1695839923947 0.0 44000
1695839959665 0.0 48000
1695839995805 0.0 52000
1695840031008 0.0 56000
1695840065088 0.0 60000
1695840100296 0.0 64000
1695840134434 0.0 68000
1695840168984 0.0 72000
1695840204561 0.0 76000
1695840239986 0.0 80000
1695840276806 0.0 84000
1695840312876 0.0 88000
1695840348244 0.0 92000
1695840382409 0.0 96000
1695840416386 0.0 100000
1695840451356 0.0 104000
1695840486054 0.0 108000
1695840521088 0.0 112000
1695840555226 0.0 116000
1695840589180 0.0 120000
