1695839581315 20.0 4000
1695839613981 20.0 8000
1695839646148 20.0 12000
1695839677995 20.0 16000
1695839711477 20.0 20000
1695839744755 20.0 24000
1695839779266 20.0 28000
1695839813912 20.0 32000
1695839850592 20.0 36000
1695839886423 20.0 40000
1695839923943 20.0 44000
1695839959648 20.0 48000
1695839995802 20.0 52000
1695840031004 20.0 56000
1695840065088 20.0 60000
1695840100296 20.0 64000
1695840134434 20.0 68000
1695840168979 20.0 72000
1695840204561 20.0 76000
1695840239982 20.0 80000
1695840276806 20.0 84000
1695840312859 20.0 88000
1695840348240 20.0 92000
1695840382409 20.0 96000
1695840416370 20.0 100000
1695840451338 20.0 104000
1695840486054 20.0 108000
1695840521088 20.0 112000
1695840555226 20.0 116000
1695840589180 20.0 120000
