1695839581395 0.0 4000
1695839614060 0.0 8000
1695839646211 0.0 12000
1695839678075 0.0 16000
1695839711556 0.0 20000
1695839744834 0.0 24000
1695839779334 0.0 28000
1695839813991 0.0 32000
1695839850657 0.0 36000
1695839886495 0.0 40000
1695839924015 0.0 44000
1695839959731 0.0 48000
1695839995866 0.0 52000
1695840031075 0.0 56000
1695840065151 0.0 60000
1695840100380 0.0 64000
1695840134498 0.0 68000
1695840169055 0.0 72000
1695840204628 0.0 76000
1695840240051 0.0 80000
1695840276884 0.0 84000
1695840312943 0.0 88000
1695840348313 0.0 92000
1695840382475 0.0 96000
1695840416442 0.0 100000
1695840451418 0.0 104000
1695840486118 0.0 108000
1695840521152 0.0 112000
1695840555289 0.0 116000
1695840589243 0.0 120000
