1695839581346 1.0 4000
1695839613996 1.0 8000
1695839646164 1.0 12000
1695839678010 1.0 16000
1695839711508 1.0 20000
1695839744787 1.0 24000
1695839779281 1.0 28000
1695839813928 1.0 32000
1695839850609 1.0 36000
1695839886443 1.0 40000
1695839923964 1.0 44000
1695839959681 1.0 48000
1695839995823 1.0 52000
1695840031025 1.0 56000
1695840065104 1.0 60000
1695840100328 1.0 64000
1695840134451 1.0 68000
1695840169006 1.0 72000
1695840204578 1.0 76000
1695840240001 1.0 80000
1695840276821 1.0 84000
1695840312892 1.0 88000
1695840348262 1.0 92000
1695840382425 1.0 96000
1695840416393 1.0 100000
1695840451370 1.0 104000
1695840486070 1.0 108000
1695840521104 1.0 112000
1695840555241 1.0 116000
1695840589195 1.0 120000
