1695839581331 0.99 4000
1695839613996 0.99 8000
1695839646164 0.99 12000
1695839678010 0.99 16000
1695839711492 0.99 20000
1695839744770 0.99 24000
1695839779281 0.99 28000
1695839813928 0.99 32000
1695839850594 0.99 36000
1695839886438 0.99 40000
1695839923959 0.99 44000
1695839959666 0.99 48000
1695839995818 0.99 52000
1695840031020 0.99 56000
1695840065104 0.99 60000
1695840100311 0.99 64000
1695840134451 0.99 68000
1695840169002 0.99 72000
1695840204578 0.99 76000
1695840239997 0.99 80000
1695840276821 0.99 84000
1695840312876 0.99 88000
1695840348257 0.99 92000
1695840382425 0.99 96000
1695840416393 0.99 100000
1695840451356 0.99 104000
1695840486070 0.99 108000
1695840521104 0.99 112000
1695840555241 0.99 116000
1695840589195 0.99 120000
