1695839581379 -1.0 4000
1695839614044 -1.0 8000
1695839646195 -1.0 12000
1695839678059 -1.0 16000
1695839711540 -1.0 20000
1695839744818 -1.0 24000
1695839779329 -1.0 28000
1695839813978 -1.0 32000
1695839850641 -1.0 36000
1695839886485 -1.0 40000
1695839924004 -1.0 44000
1695839959716 -1.0 48000
1695839995860 -1.0 52000
1695840031064 -1.0 56000
1695840065151 -1.0 60000
1695840100369 -1.0 64000
1695840134498 -1.0 68000
1695840169045 -1.0 72000
1695840204611 -1.0 76000
1695840240042 -1.0 80000
1695840276868 -1.0 84000
1695840312931 -1.0 88000
1695840348302 -1.0 92000
1695840382475 -1.0 96000
1695840416442 -1.0 100000
1695840451402 -1.0 104000
1695840486118 -1.0 108000
1695840521136 -1.0 112000
1695840555289 -1.0 116000
1695840589243 -1.0 120000
