1695839581395 0.2 4000
1695839614054 0.2 8000
1695839646211 0.2 12000
1695839678059 0.2 16000
1695839711553 0.2 20000
1695839744834 0.2 24000
1695839779334 0.2 28000
1695839813978 0.2 32000
1695839850657 0.2 36000
1695839886490 0.2 40000
1695839924009 0.2 44000
1695839959716 0.2 48000
1695839995866 0.2 52000
1695840031070 0.2 56000
1695840065151 0.2 60000
1695840100375 0.2 64000
1695840134498 0.2 68000
1695840169050 0.2 72000
1695840204628 0.2 76000
1695840240046 0.2 80000
1695840276868 0.2 84000
1695840312931 0.2 88000
1695840348308 0.2 92000
1695840382475 0.2 96000
1695840416442 0.2 100000
1695840451402 0.2 104000
1695840486118 0.2 108000
1695840521152 0.2 112000
1695840555289 0.2 116000
1695840589243 0.2 120000
