1695839581395 0.01 4000
1695839614060 0.01 8000
1695839646221 0.01 12000
1695839678082 0.01 16000
1695839711556 0.01 20000
1695839744834 0.01 24000
1695839779345 0.01 28000
1695839813992 0.01 32000
1695839850657 0.01 36000
1695839886497 0.01 40000
1695839924018 0.01 44000
1695839959731 0.01 48000
1695839995866 0.01 52000
1695840031078 0.01 56000
1695840065151 0.01 60000
1695840100383 0.01 64000
1695840134498 0.01 68000
1695840169057 0.01 72000
1695840204628 0.01 76000
1695840240054 0.01 80000
1695840276885 0.01 84000
1695840312943 0.01 88000
1695840348315 0.01 92000
1695840382475 0.01 96000
1695840416458 0.01 100000
1695840451418 0.01 104000
1695840486118 0.01 108000
1695840521152 0.01 112000
1695840555304 0.01 116000
1695840589243 0.01 120000
