1695839581331 5e-05 4000
1695839613996 5e-05 8000
1695839646164 5e-05 12000
1695839678010 5e-05 16000
1695839711492 5e-05 20000
1695839744770 5e-05 24000
1695839779281 5e-05 28000
1695839813928 5e-05 32000
1695839850594 5e-05 36000
1695839886439 5e-05 40000
1695839923960 5e-05 44000
1695839959666 5e-05 48000
1695839995819 5e-05 52000
1695840031021 5e-05 56000
1695840065104 5e-05 60000
1695840100311 5e-05 64000
1695840134451 5e-05 68000
1695840169003 5e-05 72000
1695840204578 5e-05 76000
1695840239998 5e-05 80000
1695840276821 5e-05 84000
1695840312876 5e-05 88000
1695840348258 5e-05 92000
1695840382425 5e-05 96000
1695840416393 5e-05 100000
1695840451370 5e-05 104000
1695840486070 5e-05 108000
1695840521104 5e-05 112000
1695840555241 5e-05 116000
1695840589195 5e-05 120000
