1695839581379 1000.0 4000
1695839614029 1000.0 8000
1695839646195 1000.0 12000
1695839678044 1000.0 16000
1695839711525 1000.0 20000
1695839744803 1000.0 24000
1695839779312 1000.0 28000
1695839813959 1000.0 32000
1695839850625 1000.0 36000
1695839886472 1000.0 40000
1695839923992 1000.0 44000
1695839959703 1000.0 48000
1695839995850 1000.0 52000
1695840031051 1000.0 56000
1695840065135 1000.0 60000
1695840100343 1000.0 64000
1695840134485 1000.0 68000
1695840169032 1000.0 72000
1695840204611 1000.0 76000
1695840240030 1000.0 80000
1695840276852 1000.0 84000
1695840312909 1000.0 88000
1695840348289 1000.0 92000
1695840382458 1000.0 96000
1695840416426 1000.0 100000
1695840451385 1000.0 104000
1695840486103 1000.0 108000
1695840521130 1000.0 112000
1695840555273 1000.0 116000
1695840589226 1000.0 120000
