1695839581346 2.0 4000
1695839613996 2.0 8000
1695839646164 2.0 12000
1695839678010 2.0 16000
1695839711492 2.0 20000
1695839744770 2.0 24000
1695839779281 2.0 28000
1695839813928 2.0 32000
1695839850609 2.0 36000
1695839886441 2.0 40000
1695839923962 2.0 44000
1695839959666 2.0 48000
1695839995821 2.0 52000
1695840031022 2.0 56000
1695840065104 2.0 60000
1695840100311 2.0 64000
1695840134451 2.0 68000
1695840169004 2.0 72000
1695840204578 2.0 76000
1695840240000 2.0 80000
1695840276821 2.0 84000
1695840312876 2.0 88000
1695840348260 2.0 92000
1695840382425 2.0 96000
1695840416393 2.0 100000
1695840451370 2.0 104000
1695840486070 2.0 108000
1695840521104 2.0 112000
1695840555241 2.0 116000
1695840589195 2.0 120000
