1695839581364 60.0 4000
1695839614012 60.0 8000
1695839646179 60.0 12000
1695839678028 60.0 16000
1695839711509 60.0 20000
1695839744803 60.0 24000
1695839779297 60.0 28000
1695839813959 60.0 32000
1695839850625 60.0 36000
1695839886461 60.0 40000
1695839923981 60.0 44000
1695839959698 60.0 48000
1695839995834 60.0 52000
1695840031041 60.0 56000
1695840065119 60.0 60000
1695840100343 60.0 64000
1695840134466 60.0 68000
1695840169023 60.0 72000
1695840204596 60.0 76000
1695840240019 60.0 80000
1695840276836 60.0 84000
1695840312909 60.0 88000
1695840348279 60.0 92000
1695840382442 60.0 96000
1695840416409 60.0 100000
1695840451385 60.0 104000
1695840486091 60.0 108000
1695840521121 60.0 112000
1695840555266 60.0 116000
1695840589211 60.0 120000
