1695839581364 100.0 4000
1695839614028 100.0 8000
1695839646179 100.0 12000
1695839678043 100.0 16000
1695839711525 100.0 20000
1695839744803 100.0 24000
1695839779297 100.0 28000
1695839813959 100.0 32000
1695839850625 100.0 36000
1695839886462 100.0 40000
1695839923982 100.0 44000
1695839959699 100.0 48000
1695839995834 100.0 52000
1695840031042 100.0 56000
1695840065119 100.0 60000
1695840100343 100.0 64000
1695840134466 100.0 68000
1695840169024 100.0 72000
1695840204596 100.0 76000
1695840240020 100.0 80000
1695840276836 100.0 84000
1695840312909 100.0 88000
1695840348280 100.0 92000
1695840382442 100.0 96000
1695840416421 100.0 100000
1695840451385 100.0 104000
1695840486091 100.0 108000
1695840521121 100.0 112000
1695840555266 100.0 116000
1695840589211 100.0 120000
