1695839581364 0.0 4000
1695839614029 0.0 8000
1695839646179 0.0 12000
1695839678044 0.0 16000
1695839711525 0.0 20000
1695839744803 0.0 24000
1695839779297 0.0 28000
1695839813959 0.0 32000
1695839850625 0.0 36000
1695839886464 0.0 40000
1695839923984 0.0 44000
1695839959700 0.0 48000
1695839995834 0.0 52000
1695840031043 0.0 56000
1695840065119 0.0 60000
1695840100343 0.0 64000
1695840134466 0.0 68000
1695840169026 0.0 72000
1695840204596 0.0 76000
1695840240022 0.0 80000
1695840276836 0.0 84000
1695840312909 0.0 88000
1695840348282 0.0 92000
1695840382442 0.0 96000
1695840416421 0.0 100000
1695840451385 0.0 104000
1695840486091 0.0 108000
1695840521121 0.0 112000
1695840555266 0.0 116000
1695840589211 0.0 120000
