1695839581315 1.0 4000
1695839613981 1.0 8000
1695839646148 1.0 12000
1695839677995 1.0 16000
1695839711477 1.0 20000
1695839744755 1.0 24000
1695839779266 1.0 28000
1695839813912 1.0 32000
1695839850594 1.0 36000
1695839886425 1.0 40000
1695839923945 1.0 44000
1695839959663 1.0 48000
1695839995804 1.0 52000
1695840031006 1.0 56000
1695840065088 1.0 60000
1695840100296 1.0 64000
1695840134434 1.0 68000
1695840168982 1.0 72000
1695840204561 1.0 76000
1695840239984 1.0 80000
1695840276806 1.0 84000
1695840312859 1.0 88000
1695840348242 1.0 92000
1695840382409 1.0 96000
1695840416370 1.0 100000
1695840451338 1.0 104000
1695840486054 1.0 108000
1695840521088 1.0 112000
1695840555226 1.0 116000
1695840589180 1.0 120000
