1695839581395 30.0 4000
1695839614054 30.0 8000
1695839646211 30.0 12000
1695839678075 30.0 16000
1695839711553 30.0 20000
1695839744834 30.0 24000
1695839779334 30.0 28000
1695839813978 30.0 32000
1695839850657 30.0 36000
1695839886492 30.0 40000
1695839924011 30.0 44000
1695839959716 30.0 48000
1695839995866 30.0 52000
1695840031072 30.0 56000
1695840065151 30.0 60000
1695840100377 30.0 64000
1695840134498 30.0 68000
1695840169052 30.0 72000
1695840204628 30.0 76000
1695840240048 30.0 80000
1695840276868 30.0 84000
1695840312931 30.0 88000
1695840348309 30.0 92000
1695840382475 30.0 96000
1695840416442 30.0 100000
1695840451418 30.0 104000
1695840486118 30.0 108000
1695840521152 30.0 112000
1695840555289 30.0 116000
1695840589243 30.0 120000
