1695839581315 1.0 4000
1695839613981 1.0 8000
1695839646132 1.0 12000
1695839677995 1.0 16000
1695839711477 1.0 20000
1695839744755 1.0 24000
1695839779249 1.0 28000
1695839813912 1.0 32000
1695839850576 1.0 36000
1695839886415 1.0 40000
1695839923935 1.0 44000
1695839959648 1.0 48000
1695839995794 1.0 52000
1695840030996 1.0 56000
1695840065078 1.0 60000
1695840100296 1.0 64000
1695840134434 1.0 68000
1695840168969 1.0 72000
1695840204544 1.0 76000
1695840239974 1.0 80000
1695840276797 1.0 84000
1695840312859 1.0 88000
1695840348233 1.0 92000
1695840382392 1.0 96000
1695840416370 1.0 100000
1695840451338 1.0 104000
1695840486038 1.0 108000
1695840521073 1.0 112000
1695840555224 1.0 116000
1695840589180 1.0 120000
