1695839581411 10.0 4000
1695839614060 10.0 8000
1695839646227 10.0 12000
1695839678082 10.0 16000
1695839711556 10.0 20000
1695839744834 10.0 24000
1695839779345 10.0 28000
1695839813992 10.0 32000
1695839850657 10.0 36000
1695839886503 10.0 40000
1695839924024 10.0 44000
1695839959731 10.0 48000
1695839995866 10.0 52000
1695840031082 10.0 56000
1695840065168 10.0 60000
1695840100388 10.0 64000
1695840134514 10.0 68000
1695840169062 10.0 72000
1695840204628 10.0 76000
1695840240059 10.0 80000
1695840276885 10.0 84000
1695840312943 10.0 88000
1695840348320 10.0 92000
1695840382492 10.0 96000
1695840416459 10.0 100000
1695840451418 10.0 104000
1695840486134 10.0 108000
1695840521152 10.0 112000
1695840555304 10.0 116000
1695840589260 10.0 120000
