1695839581411 1.0 4000
1695839614060 1.0 8000
1695839646221 1.0 12000
1695839678082 1.0 16000
1695839711556 1.0 20000
1695839744834 1.0 24000
1695839779345 1.0 28000
1695839813992 1.0 32000
1695839850657 1.0 36000
1695839886502 1.0 40000
1695839924023 1.0 44000
1695839959731 1.0 48000
1695839995866 1.0 52000
1695840031081 1.0 56000
1695840065168 1.0 60000
1695840100387 1.0 64000
1695840134514 1.0 68000
1695840169061 1.0 72000
1695840204628 1.0 76000
1695840240058 1.0 80000
1695840276885 1.0 84000
1695840312943 1.0 88000
1695840348319 1.0 92000
1695840382492 1.0 96000
1695840416459 1.0 100000
1695840451418 1.0 104000
1695840486134 1.0 108000
1695840521152 1.0 112000
1695840555304 1.0 116000
1695840589260 1.0 120000
