1695839581379 100.0 4000
1695839614029 100.0 8000
1695839646195 100.0 12000
1695839678044 100.0 16000
1695839711525 100.0 20000
1695839744818 100.0 24000
1695839779312 100.0 28000
1695839813959 100.0 32000
1695839850641 100.0 36000
1695839886474 100.0 40000
1695839923995 100.0 44000
1695839959703 100.0 48000
1695839995850 100.0 52000
1695840031055 100.0 56000
1695840065135 100.0 60000
1695840100343 100.0 64000
1695840134485 100.0 68000
1695840169036 100.0 72000
1695840204611 100.0 76000
1695840240032 100.0 80000
1695840276852 100.0 84000
1695840312909 100.0 88000
1695840348292 100.0 92000
1695840382463 100.0 96000
1695840416426 100.0 100000
1695840451402 100.0 104000
1695840486103 100.0 108000
1695840521136 100.0 112000
1695840555273 100.0 116000
1695840589233 100.0 120000
