1695839581357 1.0 4000
1695839614012 1.0 8000
1695839646164 1.0 12000
1695839678028 1.0 16000
1695839711509 1.0 20000
1695839744791 1.0 24000
1695839779297 1.0 28000
1695839813944 1.0 32000
1695839850618 1.0 36000
1695839886454 1.0 40000
1695839923974 1.0 44000
1695839959681 1.0 48000
1695839995832 1.0 52000
1695840031034 1.0 56000
1695840065119 1.0 60000
1695840100328 1.0 64000
1695840134466 1.0 68000
1695840169016 1.0 72000
1695840204596 1.0 76000
1695840240012 1.0 80000
1695840276836 1.0 84000
1695840312892 1.0 88000
1695840348272 1.0 92000
1695840382442 1.0 96000
1695840416409 1.0 100000
1695840451370 1.0 104000
1695840486085 1.0 108000
1695840521119 1.0 112000
1695840555257 1.0 116000
1695840589211 1.0 120000
