1695839581346 67108864.0 4000
1695839614012 67108864.0 8000
1695839646164 67108864.0 12000
1695839678028 67108864.0 16000
1695839711509 67108864.0 20000
1695839744791 67108864.0 24000
1695839779281 67108864.0 28000
1695839813944 67108864.0 32000
1695839850609 67108864.0 36000
1695839886449 67108864.0 40000
1695839923969 67108864.0 44000
1695839959681 67108864.0 48000
1695839995828 67108864.0 52000
1695840031030 67108864.0 56000
1695840065104 67108864.0 60000
1695840100328 67108864.0 64000
1695840134466 67108864.0 68000
1695840169011 67108864.0 72000
1695840204578 67108864.0 76000
1695840240006 67108864.0 80000
1695840276836 67108864.0 84000
1695840312892 67108864.0 88000
1695840348267 67108864.0 92000
1695840382425 67108864.0 96000
1695840416409 67108864.0 100000
1695840451370 67108864.0 104000
1695840486070 67108864.0 108000
1695840521104 67108864.0 112000
1695840555257 67108864.0 116000
1695840589211 67108864.0 120000
