1695839581395 128.0 4000
1695839614054 128.0 8000
1695839646211 128.0 12000
1695839678075 128.0 16000
1695839711553 128.0 20000
1695839744834 128.0 24000
1695839779334 128.0 28000
1695839813978 128.0 32000
1695839850657 128.0 36000
1695839886491 128.0 40000
1695839924010 128.0 44000
1695839959716 128.0 48000
1695839995866 128.0 52000
1695840031071 128.0 56000
1695840065151 128.0 60000
1695840100376 128.0 64000
1695840134498 128.0 68000
1695840169051 128.0 72000
1695840204628 128.0 76000
1695840240047 128.0 80000
1695840276868 128.0 84000
1695840312931 128.0 88000
1695840348308 128.0 92000
1695840382475 128.0 96000
1695840416442 128.0 100000
1695840451418 128.0 104000
1695840486118 128.0 108000
1695840521152 128.0 112000
1695840555289 128.0 116000
1695840589243 128.0 120000
