1695839581346 0.0 4000
1695839614012 0.0 8000
1695839646164 0.0 12000
1695839678028 0.0 16000
1695839711509 0.0 20000
1695839744791 0.0 24000
1695839779281 0.0 28000
1695839813944 0.0 32000
1695839850609 0.0 36000
1695839886448 0.0 40000
1695839923968 0.0 44000
1695839959681 0.0 48000
1695839995827 0.0 52000
1695840031029 0.0 56000
1695840065104 0.0 60000
1695840100328 0.0 64000
1695840134451 0.0 68000
1695840169010 0.0 72000
1695840204578 0.0 76000
1695840240005 0.0 80000
1695840276836 0.0 84000
1695840312892 0.0 88000
1695840348266 0.0 92000
1695840382425 0.0 96000
1695840416408 0.0 100000
1695840451370 0.0 104000
1695840486070 0.0 108000
1695840521104 0.0 112000
1695840555241 0.0 116000
1695840589195 0.0 120000
