1695839581331 4000.0 4000
1695839613996 4000.0 8000
1695839646164 4000.0 12000
1695839678010 4000.0 16000
1695839711492 4000.0 20000
1695839744770 4000.0 24000
1695839779281 4000.0 28000
1695839813928 4000.0 32000
1695839850609 4000.0 36000
1695839886440 4000.0 40000
1695839923961 4000.0 44000
1695839959666 4000.0 48000
1695839995820 4000.0 52000
1695840031021 4000.0 56000
1695840065104 4000.0 60000
1695840100311 4000.0 64000
1695840134451 4000.0 68000
1695840169003 4000.0 72000
1695840204578 4000.0 76000
1695840239999 4000.0 80000
1695840276821 4000.0 84000
1695840312876 4000.0 88000
1695840348259 4000.0 92000
1695840382425 4000.0 96000
1695840416393 4000.0 100000
1695840451370 4000.0 104000
1695840486070 4000.0 108000
1695840521104 4000.0 112000
1695840555241 4000.0 116000
1695840589195 4000.0 120000
