1695839581395 10.0 4000
1695839614060 10.0 8000
1695839646221 10.0 12000
1695839678075 10.0 16000
1695839711556 10.0 20000
1695839744834 10.0 24000
1695839779334 10.0 28000
1695839813992 10.0 32000
1695839850657 10.0 36000
1695839886497 10.0 40000
1695839924017 10.0 44000
1695839959731 10.0 48000
1695839995866 10.0 52000
1695840031077 10.0 56000
1695840065151 10.0 60000
1695840100382 10.0 64000
1695840134498 10.0 68000
1695840169057 10.0 72000
1695840204628 10.0 76000
1695840240053 10.0 80000
1695840276885 10.0 84000
1695840312943 10.0 88000
1695840348315 10.0 92000
1695840382475 10.0 96000
1695840416457 10.0 100000
1695840451418 10.0 104000
1695840486118 10.0 108000
1695840521152 10.0 112000
1695840555304 10.0 116000
1695840589243 10.0 120000
