1695839581379 1800.0 4000
1695839614029 1800.0 8000
1695839646195 1800.0 12000
1695839678044 1800.0 16000
1695839711540 1800.0 20000
1695839744818 1800.0 24000
1695839779312 1800.0 28000
1695839813959 1800.0 32000
1695839850641 1800.0 36000
1695839886477 1800.0 40000
1695839923997 1800.0 44000
1695839959703 1800.0 48000
1695839995850 1800.0 52000
1695840031057 1800.0 56000
1695840065135 1800.0 60000
1695840100359 1800.0 64000
1695840134485 1800.0 68000
1695840169038 1800.0 72000
1695840204611 1800.0 76000
1695840240034 1800.0 80000
1695840276852 1800.0 84000
1695840312926 1800.0 88000
1695840348295 1800.0 92000
1695840382463 1800.0 96000
1695840416426 1800.0 100000
1695840451402 1800.0 104000
1695840486103 1800.0 108000
1695840521136 1800.0 112000
1695840555273 1800.0 116000
1695840589233 1800.0 120000
