1695839581379 60.0 4000
1695839614029 60.0 8000
1695839646195 60.0 12000
1695839678044 60.0 16000
1695839711525 60.0 20000
1695839744818 60.0 24000
1695839779312 60.0 28000
1695839813959 60.0 32000
1695839850641 60.0 36000
1695839886476 60.0 40000
1695839923996 60.0 44000
1695839959703 60.0 48000
1695839995850 60.0 52000
1695840031056 60.0 56000
1695840065135 60.0 60000
1695840100359 60.0 64000
1695840134485 60.0 68000
1695840169037 60.0 72000
1695840204611 60.0 76000
1695840240033 60.0 80000
1695840276852 60.0 84000
1695840312925 60.0 88000
1695840348293 60.0 92000
1695840382463 60.0 96000
1695840416426 60.0 100000
1695840451402 60.0 104000
1695840486103 60.0 108000
1695840521136 60.0 112000
1695840555273 60.0 116000
1695840589233 60.0 120000
