1695827563273 0.9 4000
1695827606800 0.9 8000
1695827652257 0.9 12000
1695827698754 0.9 16000
1695827745653 0.9 20000
1695827792125 0.9 24000
1695827839360 0.9 28000
1695827886055 0.9 32000
1695827933248 0.9 36000
1695827979402 0.9 40000
1695828025330 0.9 44000
1695828072062 0.9 48000
1695828118493 0.9 52000
1695828164376 0.9 56000
1695828210958 0.9 60000
1695828257093 0.9 64000
1695828305596 0.9 68000
1695828352204 0.9 72000
1695828398059 0.9 76000
1695828445094 0.9 80000
1695828491492 0.9 84000
1695828538160 0.9 88000
1695828584208 0.9 92000
1695828632132 0.9 96000
1695828678843 0.9 100000
1695828725625 0.9 104000
1695828771543 0.9 108000
1695828818308 0.9 112000
1695828865457 0.9 116000
1695828911478 0.9 120000
1695828958117 0.9 124000
1695829004907 0.9 128000
1695829052287 0.9 132000
1695829099281 0.9 136000
1695829146410 0.9 140000
1695829193483 0.9 144000
1695829240015 0.9 148000
1695829287542 0.9 152000
1695829334908 0.9 156000
1695829383031 0.9 160000
1695829431261 0.9 164000
