1695839677982 0.11632204055786133 16000
1695839711461 0.11632204055786133 20000
1695839744739 0.10110139846801758 24000
1695839779234 0.06066083908081055 28000
1695839813897 0.06066083908081055 32000
1695839850561 0.09074482050808994 36000
1695839886401 0.07404287656148274 40000
1695839923923 0.09148197789346019 44000
1695839959633 0.08659432916080251 48000
1695839995782 0.07010017122541155 52000
1695840030984 0.06691379980607466 56000
1695840065056 0.06370595160951005 60000
1695840100286 0.059092044830322266 64000
1695840134418 0.057856386358087715 68000
1695840168956 0.05660015961219524 72000
1695840204544 0.05360133945941925 76000
1695840239961 0.04985196249825614 80000
1695840276789 0.06068767728032293 84000
1695840312844 0.05888742736623257 88000
1695840348220 0.05703054625412513 92000
1695840382389 0.05496548068138861 96000
1695840416354 0.044417381286621094 100000
1695840451322 0.04115033149719238 104000
1695840486038 0.040650367736816406 108000
1695840521057 0.04894721508026123 112000
1695840555209 0.041115522384643555 116000
1695840589164 0.03976845741271973 120000
