1695839677982 0.0 16000
1695839711461 0.0 20000
1695839744739 0.0 24000
1695839779234 0.0 28000
1695839813897 0.0 32000
1695839850561 0.0 36000
1695839886402 0.0 40000
1695839923923 0.0 44000
1695839959633 0.0008835512049057905 48000
1695839995782 0.0007152557373046875 52000
1695840030985 0.0006827441128817471 56000
1695840065056 0.0006391647014212101 60000
1695840100287 0.0005668064333357901 64000
1695840134418 0.0005461952903053977 68000
1695840168958 0.0005179438097723599 72000
1695840204544 0.00046938657760620117 76000
1695840239962 0.0004291534423828125 80000
1695840276789 0.0004059559590107686 84000
1695840312844 0.0003802625438835047 88000
1695840348222 0.0003452958731815733 92000
1695840382389 0.00032301872007308466 96000
1695840416354 0.0008057355880737305 100000
1695840451322 0.0013061761856079102 104000
1695840486038 0.0013061761856079102 108000
1695840521057 0.0013061761856079102 112000
1695840555209 0.0013061761856079102 116000
1695840589164 0.0013061761856079102 120000
