1695839581426 0.0 4000
1695839614076 0.0 8000
1695839646228 0.0 12000
1695839678140 0.0 16000
1695839711603 0.0 20000
1695839744898 0.0 24000
1695839779397 0.0 28000
1695839814039 0.0 32000
1695839850718 0.0 36000
1695839886556 0.0 40000
1695839924074 0.0 44000
1695839959789 0.0 48000
1695839995915 0.0 52000
1695840031135 0.0 56000
1695840065215 0.0 60000
1695840100441 0.0 64000
1695840134563 0.0 68000
1695840169112 0.0 72000
1695840204693 0.0 76000
1695840240108 0.0 80000
1695840276953 0.0 84000
1695840312995 0.0 88000
1695840348369 0.0 92000
1695840382546 0.0 96000
1695840416509 0.0 100000
1695840451465 0.0 104000
1695840486181 0.0 108000
1695840521199 0.0 112000
1695840555353 0.0 116000
1695840589307 0.0 120000
