1695839581456 0.0 4000
1695839614107 0.0 8000
1695839646261 0.0 12000
1695839678171 0.0 16000
1695839711636 0.0 20000
1695839744914 0.0 24000
1695839779424 0.0 28000
1695839814071 0.0 32000
1695839850736 0.0 36000
1695839886586 0.0 40000
1695839924098 0.0 44000
1695839959803 0.0 48000
1695839995946 0.0 52000
1695840031159 0.0 56000
1695840065230 0.0 60000
1695840100467 0.0 64000
1695840134585 0.0 68000
1695840169135 0.0 72000
1695840204711 0.0 76000
1695840240134 0.0 80000
1695840276976 0.0 84000
1695840313026 0.0 88000
1695840348387 0.0 92000
1695840382564 0.0 96000
1695840416541 0.0 100000
1695840451497 0.0 104000
1695840486197 0.0 108000
1695840521231 0.0 112000
1695840555385 0.0 116000
1695840589333 0.0 120000
