1695839581446 50.0 4000
1695839614092 50.0 8000
1695839646244 50.0 12000
1695839678155 50.0 16000
1695839711620 50.0 20000
1695839744914 50.0 24000
1695839779408 50.0 28000
1695839814055 50.0 32000
1695839850721 50.0 36000
1695839886576 50.0 40000
1695839924090 50.0 44000
1695839959803 50.0 48000
1695839995930 50.0 52000
1695840031150 50.0 56000
1695840065230 50.0 60000
1695840100448 50.0 64000
1695840134578 50.0 68000
1695840169128 50.0 72000
1695840204711 50.0 76000
1695840240125 50.0 80000
1695840276959 50.0 84000
1695840313009 50.0 88000
1695840348386 50.0 92000
1695840382558 50.0 96000
1695840416525 50.0 100000
1695840451481 50.0 104000
1695840486197 50.0 108000
1695840521214 50.0 112000
1695840555369 50.0 116000
1695840589323 50.0 120000
