1695839581444 32.0 4000
1695839614092 32.0 8000
1695839646244 32.0 12000
1695839678155 32.0 16000
1695839711620 32.0 20000
1695839744898 32.0 24000
1695839779408 32.0 28000
1695839814055 32.0 32000
1695839850721 32.0 36000
1695839886574 32.0 40000
1695839924088 32.0 44000
1695839959798 32.0 48000
1695839995930 32.0 52000
1695840031148 32.0 56000
1695840065230 32.0 60000
1695840100448 32.0 64000
1695840134578 32.0 68000
1695840169126 32.0 72000
1695840204711 32.0 76000
1695840240123 32.0 80000
1695840276959 32.0 84000
1695840313009 32.0 88000
1695840348384 32.0 92000
1695840382558 32.0 96000
1695840416525 32.0 100000
1695840451481 32.0 104000
1695840486197 32.0 108000
1695840521214 32.0 112000
1695840555369 32.0 116000
1695840589323 32.0 120000
