1695839581448 2.0 4000
1695839614092 2.0 8000
1695839646244 2.0 12000
1695839678155 2.0 16000
1695839711620 2.0 20000
1695839744914 2.0 24000
1695839779424 2.0 28000
1695839814055 2.0 32000
1695839850721 2.0 36000
1695839886579 2.0 40000
1695839924091 2.0 44000
1695839959803 2.0 48000
1695839995946 2.0 52000
1695840031152 2.0 56000
1695840065230 2.0 60000
1695840100448 2.0 64000
1695840134578 2.0 68000
1695840169130 2.0 72000
1695840204711 2.0 76000
1695840240128 2.0 80000
1695840276959 2.0 84000
1695840313009 2.0 88000
1695840348387 2.0 92000
1695840382564 2.0 96000
1695840416525 2.0 100000
1695840451497 2.0 104000
1695840486197 2.0 108000
1695840521231 2.0 112000
1695840555369 2.0 116000
1695840589323 2.0 120000
