1695839581443 1.0 4000
1695839614092 1.0 8000
1695839646244 1.0 12000
1695839678155 1.0 16000
1695839711620 1.0 20000
1695839744898 1.0 24000
1695839779408 1.0 28000
1695839814055 1.0 32000
1695839850721 1.0 36000
1695839886573 1.0 40000
1695839924087 1.0 44000
1695839959798 1.0 48000
1695839995930 1.0 52000
1695840031148 1.0 56000
1695840065230 1.0 60000
1695840100448 1.0 64000
1695840134578 1.0 68000
1695840169125 1.0 72000
1695840204711 1.0 76000
1695840240122 1.0 80000
1695840276959 1.0 84000
1695840313009 1.0 88000
1695840348383 1.0 92000
1695840382558 1.0 96000
1695840416525 1.0 100000
1695840451481 1.0 104000
1695840486197 1.0 108000
1695840521214 1.0 112000
1695840555369 1.0 116000
1695840589323 1.0 120000
