1695839581442 64.0 4000
1695839614092 64.0 8000
1695839646244 64.0 12000
1695839678155 64.0 16000
1695839711620 64.0 20000
1695839744898 64.0 24000
1695839779408 64.0 28000
1695839814055 64.0 32000
1695839850721 64.0 36000
1695839886572 64.0 40000
1695839924086 64.0 44000
1695839959798 64.0 48000
1695839995930 64.0 52000
1695840031147 64.0 56000
1695840065230 64.0 60000
1695840100448 64.0 64000
1695840134578 64.0 68000
1695840169124 64.0 72000
1695840204710 64.0 76000
1695840240121 64.0 80000
1695840276959 64.0 84000
1695840313009 64.0 88000
1695840348382 64.0 92000
1695840382558 64.0 96000
1695840416525 64.0 100000
1695840451481 64.0 104000
1695840486197 64.0 108000
1695840521214 64.0 112000
1695840555369 64.0 116000
1695840589323 64.0 120000
