1695839581453 84.0 4000
1695839614092 84.0 8000
1695839646261 84.0 12000
1695839678171 84.0 16000
1695839711620 84.0 20000
1695839744914 84.0 24000
1695839779424 84.0 28000
1695839814055 84.0 32000
1695839850736 84.0 36000
1695839886583 84.0 40000
1695839924095 84.0 44000
1695839959803 84.0 48000
1695839995946 84.0 52000
1695840031156 84.0 56000
1695840065230 84.0 60000
1695840100464 84.0 64000
1695840134585 84.0 68000
1695840169133 84.0 72000
1695840204711 84.0 76000
1695840240131 84.0 80000
1695840276976 84.0 84000
1695840313009 84.0 88000
1695840348387 84.0 92000
1695840382564 84.0 96000
1695840416525 84.0 100000
1695840451497 84.0 104000
1695840486197 84.0 108000
1695840521231 84.0 112000
1695840555385 84.0 116000
1695840589323 84.0 120000
