1695839581451 1.0 4000
1695839614092 1.0 8000
1695839646261 1.0 12000
1695839678171 1.0 16000
1695839711620 1.0 20000
1695839744914 1.0 24000
1695839779424 1.0 28000
1695839814055 1.0 32000
1695839850736 1.0 36000
1695839886582 1.0 40000
1695839924094 1.0 44000
1695839959803 1.0 48000
1695839995946 1.0 52000
1695840031155 1.0 56000
1695840065230 1.0 60000
1695840100463 1.0 64000
1695840134585 1.0 68000
1695840169132 1.0 72000
1695840204711 1.0 76000
1695840240130 1.0 80000
1695840276976 1.0 84000
1695840313009 1.0 88000
1695840348387 1.0 92000
1695840382564 1.0 96000
1695840416525 1.0 100000
1695840451497 1.0 104000
1695840486197 1.0 108000
1695840521231 1.0 112000
1695840555385 1.0 116000
1695840589323 1.0 120000
