1695839581426 0.0 4000
1695839614076 0.0 8000
1695839646228 0.0 12000
1695839678140 0.0 16000
1695839711603 0.0 20000
1695839744898 0.0 24000
1695839779397 0.0 28000
1695839814039 0.0 32000
1695839850721 0.0 36000
1695839886558 0.0 40000
1695839924076 0.0 44000
1695839959791 0.0 48000
1695839995930 0.0 52000
1695840031137 0.0 56000
1695840065215 0.0 60000
1695840100443 0.0 64000
1695840134563 0.0 68000
1695840169114 0.0 72000
1695840204694 0.0 76000
1695840240111 0.0 80000
1695840276955 0.0 84000
1695840312995 0.0 88000
1695840348371 0.0 92000
1695840382548 0.0 96000
1695840416509 0.0 100000
1695840451481 0.0 104000
1695840486181 0.0 108000
1695840521214 0.0 112000
1695840555367 0.0 116000
1695840589307 0.0 120000
