1695839581426 256.0 4000
1695839614076 256.0 8000
1695839646244 256.0 12000
1695839678155 256.0 16000
1695839711620 256.0 20000
1695839744898 256.0 24000
1695839779408 256.0 28000
1695839814039 256.0 32000
1695839850721 256.0 36000
1695839886564 256.0 40000
1695839924080 256.0 44000
1695839959791 256.0 48000
1695839995930 256.0 52000
1695840031141 256.0 56000
1695840065215 256.0 60000
1695840100448 256.0 64000
1695840134563 256.0 68000
1695840169118 256.0 72000
1695840204694 256.0 76000
1695840240116 256.0 80000
1695840276959 256.0 84000
1695840313009 256.0 88000
1695840348376 256.0 92000
1695840382552 256.0 96000
1695840416521 256.0 100000
1695840451481 256.0 104000
1695840486191 256.0 108000
1695840521214 256.0 112000
1695840555369 256.0 116000
1695840589307 256.0 120000
