1695839581426 20.0 4000
1695839614076 20.0 8000
1695839646244 20.0 12000
1695839678155 20.0 16000
1695839711620 20.0 20000
1695839744898 20.0 24000
1695839779408 20.0 28000
1695839814039 20.0 32000
1695839850721 20.0 36000
1695839886562 20.0 40000
1695839924080 20.0 44000
1695839959791 20.0 48000
1695839995930 20.0 52000
1695840031140 20.0 56000
1695840065215 20.0 60000
1695840100448 20.0 64000
1695840134563 20.0 68000
1695840169117 20.0 72000
1695840204694 20.0 76000
1695840240115 20.0 80000
1695840276959 20.0 84000
1695840313008 20.0 88000
1695840348375 20.0 92000
1695840382551 20.0 96000
1695840416521 20.0 100000
1695840451481 20.0 104000
1695840486191 20.0 108000
1695840521214 20.0 112000
1695840555369 20.0 116000
1695840589307 20.0 120000
