1695832399476 2.0 4000
1695832445195 2.0 8000
1695832489838 2.0 12000
1695832537133 2.0 16000
1695832584115 2.0 20000
1695832631220 2.0 24000
1695832679720 2.0 28000
1695832726773 2.0 32000
1695832773009 2.0 36000
1695832820285 2.0 40000
1695832868053 2.0 44000
1695832915389 2.0 48000
1695832962452 2.0 52000
1695833010746 2.0 56000
1695833058682 2.0 60000
1695833105602 2.0 64000
1695833151857 2.0 68000
1695833198263 2.0 72000
1695833244741 2.0 76000
1695833290851 2.0 80000
1695833337090 2.0 84000
1695833383651 2.0 88000
1695833431525 2.0 92000
1695833480308 2.0 96000
1695833527799 2.0 100000
1695833575519 2.0 104000
1695833622250 2.0 108000
1695833668856 2.0 112000
1695833716750 2.0 116000
1695833763394 2.0 120000
1695833810242 2.0 124000
1695833857995 2.0 128000
1695833906679 2.0 132000
1695833954314 2.0 136000
1695834000832 2.0 140000
1695834048003 2.0 144000
1695834094605 2.0 148000
1695834142082 2.0 152000
1695834188930 2.0 156000
1695834235588 2.0 160000
1695834282489 2.0 164000
