1695830818391 8.0 4000
1695830862934 8.0 8000
1695830907700 8.0 12000
1695830954262 8.0 16000
1695831002661 8.0 20000
1695831049791 8.0 24000
1695831097303 8.0 28000
1695831144795 8.0 32000
1695831191284 8.0 36000
1695831240985 8.0 40000
1695831287643 8.0 44000
1695831333902 8.0 48000
1695831380700 8.0 52000
1695831430570 8.0 56000
1695831477715 8.0 60000
1695831525891 8.0 64000
1695831573274 8.0 68000
1695831620518 8.0 72000
1695831667939 8.0 76000
1695831716028 8.0 80000
1695831763141 8.0 84000
1695831811273 8.0 88000
1695831859897 8.0 92000
1695831908352 8.0 96000
1695831956025 8.0 100000
1695832003322 8.0 104000
1695832050587 8.0 108000
1695832097800 8.0 112000
1695832145084 8.0 116000
1695832192820 8.0 120000
