1695830818375 38.329310344827576 4000
1695830862934 39.603225806451604 8000
1695830907653 39.832258064516125 12000
1695830954215 39.73384615384615 16000
1695831002613 38.40882352941176 20000
1695831049744 38.86666666666667 24000
1695831097259 38.08333333333333 28000
1695831144748 38.53582089552239 32000
1695831191252 37.850769230769224 36000
1695831240938 37.38 40000
1695831287595 38.190769230769234 44000
1695831333871 38.64 48000
1695831380668 39.06153846153846 52000
1695831430522 38.64714285714285 56000
1695831477682 38.01212121212121 60000
1695831525847 38.13134328358209 64000
1695831573230 38.01940298507462 68000
1695831620469 37.96818181818181 72000
1695831667899 37.36818181818181 76000
1695831715996 37.56119402985075 80000
1695831763103 37.34328358208955 84000
1695831811226 38.28358208955223 88000
1695831859853 38.25735294117647 92000
1695831908305 38.53382352941176 96000
1695831955992 38.16268656716417 100000
1695832003287 37.942424242424245 104000
1695832050551 38.36363636363636 108000
1695832097767 38.11492537313433 112000
1695832145034 38.962121212121204 116000
1695832192778 38.10298507462686 120000
