1695830818375 29.462068965517243 4000
1695830862934 29.633870967741945 8000
1695830907653 29.787096774193547 12000
1695830954215 29.85692307692308 16000
1695831002613 29.964705882352945 20000
1695831049744 30.01969696969697 24000
1695831097260 30.271212121212116 28000
1695831144748 30.459701492537317 32000
1695831191252 30.503076923076925 36000
1695831240938 30.967142857142846 40000
1695831287595 31.46769230769231 44000
1695831333871 31.403076923076927 48000
1695831380668 31.463076923076922 52000
1695831430522 31.67285714285713 56000
1695831477682 31.610606060606056 60000
1695831525848 31.697014925373132 64000
1695831573230 32.226865671641775 68000
1695831620469 32.26666666666666 72000
1695831667899 32.242424242424256 76000
1695831715996 32.419402985074626 80000
1695831763104 32.33432835820895 84000
1695831811226 32.314925373134336 88000
1695831859854 32.61323529411765 92000
1695831908305 33.01029411764706 96000
1695831955992 33.16268656716417 100000
1695832003287 32.615151515151524 104000
1695832050552 32.14090909090909 108000
1695832097767 32.20298507462686 112000
1695832145034 32.322727272727285 116000
1695832192779 32.405970149253726 120000
