1695832399262 24652.783 4000
1695832445022 24875.399 8000
1695832489615 24810.298 12000
1695832536927 25053.498 16000
1695832583909 25216.083 20000
1695832630989 25349.122 24000
1695832679513 25598.175 28000
1695832726550 25630.15 32000
1695832772795 25608.007 36000
1695832820077 25659.774 40000
1695832867829 25873.48 44000
1695832915182 25989.114 48000
1695832962227 26110.858 52000
1695833010545 26112.138 56000
1695833058428 26140.029 60000
1695833105380 26097.825 64000
1695833151651 25932.425 68000
1695833198053 25920.796 72000
1695833244537 25943.081 76000
1695833290643 25871.158 80000
1695833336867 25744.018 84000
1695833383429 25655.878 88000
1695833431315 25686.11 92000
1695833480089 25830.235 96000
1695833527592 25801.641 100000
1695833575300 25860.155 104000
1695833622038 25863.061 108000
1695833668654 25831.727 112000
1695833716548 25851.739 116000
1695833763184 25863.009 120000
1695833810043 25890.002 124000
1695833857733 25963.341 128000
1695833906472 25955.295 132000
1695833954101 25790.663 136000
1695834000626 25751.165 140000
1695834047797 25703.033 144000
1695834094404 25731.116 148000
1695834141884 25761.365 152000
1695834188732 25738.612 156000
1695834235390 25707.509 160000
1695834282282 25707.318 164000
