1695832399278 162.253 4000
1695832445022 160.801 8000
1695832489615 161.223 12000
1695832536927 159.658 16000
1695832583909 158.629 20000
1695832631004 157.796 24000
1695832679513 156.261 28000
1695832726550 156.066 32000
1695832772795 156.201 36000
1695832820077 155.886 40000
1695832867829 154.598 44000
1695832915182 153.911 48000
1695832962228 153.193 52000
1695833010546 153.185 56000
1695833058428 153.022 60000
1695833105395 153.269 64000
1695833151651 154.247 68000
1695833198053 154.316 72000
1695833244537 154.184 76000
1695833290643 154.612 80000
1695833336883 155.376 84000
1695833383429 155.91 88000
1695833431315 155.726 92000
1695833480089 154.857 96000
1695833527592 155.029 100000
1695833575301 154.678 104000
1695833622039 154.661 108000
1695833668655 154.848 112000
1695833716550 154.728 116000
1695833763185 154.661 120000
1695833810044 154.5 124000
1695833857734 154.063 128000
1695833906473 154.111 132000
1695833954102 155.095 136000
1695834000627 155.333 140000
1695834047798 155.624 144000
1695834094405 155.454 148000
1695834141885 155.271 152000
1695834188733 155.409 156000
1695834235391 155.597 160000
1695834282283 155.598 164000
