1695832399262 17599.72 4000
1695832445022 18590.815 8000
1695832489615 18694.596 12000
1695832536927 19109.196 16000
1695832583909 19269.765 20000
1695832630989 19320.545 24000
1695832679513 19377.37 28000
1695832726550 19427.918 32000
1695832772795 19416.229 36000
1695832820077 19446.622 40000
1695832867829 19616.651 44000
1695832915182 19617.638 48000
1695832962226 19685.085 52000
1695833010544 19712.767 56000
1695833058428 19736.446 60000
1695833105380 19756.183 64000
1695833151651 19730.866 68000
1695833198053 19684.214 72000
1695833244537 19694.881 76000
1695833290643 19641.121 80000
1695833336867 19642.045 84000
1695833383429 19658.112 88000
1695833431315 19706.535 92000
1695833480089 19641.449 96000
1695833527592 19638.017 100000
1695833575299 19662.182 104000
1695833622037 19641.597 108000
1695833668654 19647.912 112000
1695833716547 19648.863 116000
1695833763183 19658.872 120000
1695833810043 19678.363 124000
1695833857732 19650.228 128000
1695833906471 19720.464 132000
1695833954101 19692.12 136000
1695834000625 19595.393 140000
1695834047796 19586.577 144000
1695834094399 19573.63 148000
1695834141883 19567.552 152000
1695834188731 19560.946 156000
1695834235389 19574.558 160000
1695834282281 19540.327 164000
