1695832399279 60.454 4000
1695832445022 63.896 8000
1695832489631 69.162 12000
1695832536927 71.81 16000
1695832583909 69.493 20000
1695832631005 67.19 24000
1695832679513 111.002 28000
1695832726550 105.224 32000
1695832772795 100.665 36000
1695832820077 97.262 40000
1695832867829 97.458 44000
1695832915182 97.021 48000
1695832962229 93.78 52000
1695833010547 92.476 56000
1695833058428 92.837 60000
1695833105395 93.674 64000
1695833151651 61.107 68000
1695833198053 61.088 72000
1695833244537 60.919 76000
1695833290643 58.942 80000
1695833336884 60.683 84000
1695833383429 60.806 88000
1695833431315 62.285 92000
1695833480089 61.996 96000
1695833527592 61.251 100000
1695833575302 60.741 104000
1695833622040 62.492 108000
1695833668656 62.179 112000
1695833716551 61.655 116000
1695833763186 63.342 120000
1695833810045 61.61 124000
1695833857735 62.245 128000
1695833906474 61.45 132000
1695833954103 61.209 136000
1695834000627 61.37 140000
1695834047799 62.059 144000
1695834094406 60.89 148000
1695834141886 60.947 152000
1695834188734 61.968 156000
1695834235392 61.648 160000
1695834282284 61.675 164000
