1695832399262 42313.925 4000
1695832445022 43531.661 8000
1695832489615 43575.09 12000
1695832536927 44235.28 16000
1695832583909 44555.961 20000
1695832630989 44737.374 24000
1695832679513 45086.99 28000
1695832726550 45163.68 32000
1695832772795 45125.246 36000
1695832820077 45204.089 40000
1695832867829 45587.923 44000
1695832915182 45703.894 48000
1695832962225 45891.557 52000
1695833010543 45919.424 56000
1695833058428 45971.354 60000
1695833105380 45949.725 64000
1695833151651 45726.44 68000
1695833198053 45668.141 72000
1695833244537 45700.924 76000
1695833290643 45573.143 80000
1695833336867 45448.668 84000
1695833383429 45376.718 88000
1695833431313 45455.239 92000
1695833480089 45533.901 96000
1695833527592 45501.816 100000
1695833575298 45584.086 104000
1695833622036 45568.257 108000
1695833668653 45543.048 112000
1695833716546 45563.589 116000
1695833763182 45586.786 120000
1695833810042 45631.737 124000
1695833857731 45677.891 128000
1695833906470 45739.486 132000
1695833954100 45546.348 136000
1695834000623 45409.707 140000
1695834047795 45353.442 144000
1695834094398 45367.508 148000
1695834141883 45391.713 152000
1695834188730 45363.37 156000
1695834235388 45345.529 160000
1695834282280 45311.035 164000
