1695830818263 4000.0 4000
1695830862849 8000.0 8000
1695830907572 12000.0 12000
1695830954119 16000.0 16000
1695831002519 20000.0 20000
1695831049656 24000.0 24000
1695831097167 28000.0 28000
1695831144652 32000.0 32000
1695831191157 36000.0 36000
1695831240858 40000.0 40000
1695831287513 44000.0 44000
1695831333775 48000.0 48000
1695831380572 52000.0 52000
1695831430426 56000.0 56000
1695831477588 60000.0 60000
1695831525756 64000.0 64000
1695831573130 68000.0 68000
1695831620375 72000.0 72000
1695831667812 76000.0 76000
1695831715901 80000.0 80000
1695831763005 84000.0 84000
1695831811131 88000.0 88000
1695831859762 92000.0 92000
1695831908209 96000.0 96000
1695831955897 100000.0 100000
1695832003186 104000.0 104000
1695832050452 108000.0 108000
1695832097671 112000.0 112000
1695832144956 116000.0 116000
1695832192679 120000.0 120000
