1695830907668 0.7019999999999998 12000
1695830954215 0.5956607472220562 16000
1695831002629 0.6199390182868848 20000
1695831049744 0.5976360168802013 24000
1695831097265 0.5923174047900953 28000
1695831144748 0.6938659948496267 32000
1695831191252 0.6783913550556416 36000
1695831240938 0.7399735945699134 40000
1695831287612 0.7942281493082539 44000
1695831333871 0.8102145562827308 48000
1695831380668 0.8821452831770547 52000
1695831430522 0.9157735528115406 56000
1695831477682 0.9341396260725913 60000
1695831525854 0.9849978233023554 64000
1695831573230 1.027725527479173 68000
1695831620469 1.0344928080209053 72000
1695831667907 1.051757236654564 76000
1695831715996 1.079930525663615 80000
1695831763109 1.084557644312116 84000
1695831811226 1.1215550184110514 88000
1695831859860 1.1240569381250114 92000
1695831908305 1.1329062170561262 96000
1695831955992 1.1492830680941293 100000
1695832003287 1.1562320966239352 104000
1695832050555 1.1702535450514817 108000
1695832097767 1.1788175313965799 112000
1695832145050 1.1877604815361367 116000
1695832192785 1.1748546251538865 120000
