1695830907668 -0.7212573578908242 12000
1695830954215 -1.0401709241718942 16000
1695831002629 -0.9273832429909029 20000
1695831049744 -0.8935845319916027 24000
1695831097265 -0.7150689457945419 28000
1695831144748 -0.5729330942864138 32000
1695831191252 -0.5362782705149572 36000
1695831240938 -0.478684671651393 40000
1695831287611 -0.45486485301641794 44000
1695831333871 -0.39817913343790984 48000
1695831380668 -0.35773618260401846 52000
1695831430522 -0.36402689742647176 56000
1695831477682 -0.3510257279731385 60000
1695831525853 -0.3199447742502818 64000
1695831573230 -0.28983384664422246 68000
1695831620469 -0.2733887109898613 72000
1695831667907 -0.2657587765327497 76000
1695831715996 -0.2504614376834481 80000
1695831763108 -0.24553126171908735 84000
1695831811226 -0.21416264277099545 88000
1695831859860 -0.21188260606584275 92000
1695831908305 -0.18955079127290367 96000
1695831955992 -0.18119825170925846 100000
1695832003287 -0.17933975776513023 104000
1695832050555 -0.1666960481016358 108000
1695832097767 -0.1522873348526742 112000
1695832145050 -0.1497376101819639 116000
1695832192783 -0.13547770975771542 120000
