1695836126057 0.0 4000
1695836171569 0.0 8000
1695836219025 0.0 12000
1695836266663 0.0 16000
1695836314237 0.0 20000
1695836360728 0.0 24000
1695836418034 0.0 28000
1695836468678 0.0 32000
1695836516458 0.0 36000
1695836563080 0.0 40000
1695836609926 0.0 44000
1695836657229 0.0 48000
1695836704776 0.0 52000
1695836751659 0.0 56000
1695836798842 0.0 60000
1695836847100 0.0 64000
1695836894741 0.0 68000
1695836941929 0.0 72000
1695836989203 0.0 76000
1695837036129 0.0 80000
1695837083461 0.0 84000
1695837129761 0.0 88000
1695837177306 0.0 92000
1695837225532 0.0 96000
1695837273091 0.0 100000
1695837319386 0.0 104000
1695837366123 0.0 108000
1695837413641 0.0 112000
1695837464496 0.0 116000
1695837514702 0.0 120000
1695837563518 0.0 124000
1695837610694 0.0 128000
1695837658417 0.0 132000
1695837706127 0.0 136000
1695837753632 0.0 140000
1695837803812 0.0 144000
1695837852185 0.0 148000
1695837899953 0.0 152000
1695837947140 0.0 156000
1695837994051 0.0 160000
1695838041588 0.0 164000
1695838089690 0.0 168000
1695838138757 0.0 172000
1695838190602 0.0 176000
