1695836126060 5.0000000000000016e-05 4000
1695836171584 5.0000000000000016e-05 8000
1695836219028 5.0000000000000016e-05 12000
1695836266663 5.0000000000000016e-05 16000
1695836314237 5.0000000000000016e-05 20000
1695836360728 5.0000000000000016e-05 24000
1695836418034 5.0000000000000016e-05 28000
1695836468694 5.0000000000000016e-05 32000
1695836516458 5.0000000000000016e-05 36000
1695836563090 5.0000000000000016e-05 40000
1695836609942 5.0000000000000016e-05 44000
1695836657229 5.0000000000000016e-05 48000
1695836704776 5.0000000000000016e-05 52000
1695836751659 5.0000000000000016e-05 56000
1695836798857 5.0000000000000016e-05 60000
1695836847105 5.0000000000000016e-05 64000
1695836894748 5.0000000000000016e-05 68000
1695836941929 5.0000000000000016e-05 72000
1695836989203 5.0000000000000016e-05 76000
1695837036129 5.0000000000000016e-05 80000
1695837083461 5.0000000000000016e-05 84000
1695837129761 5.0000000000000016e-05 88000
1695837177306 5.0000000000000016e-05 92000
1695837225532 5.0000000000000016e-05 96000
1695837273094 5.0000000000000016e-05 100000
1695837319386 5.0000000000000016e-05 104000
1695837366123 5.0000000000000016e-05 108000
1695837413641 5.0000000000000016e-05 112000
1695837464518 5.0000000000000016e-05 116000
1695837514705 5.0000000000000016e-05 120000
1695837563518 5.0000000000000016e-05 124000
1695837610705 5.0000000000000016e-05 128000
1695837658417 5.0000000000000016e-05 132000
1695837706127 5.0000000000000016e-05 136000
1695837753634 5.0000000000000016e-05 140000
1695837803812 5.0000000000000016e-05 144000
1695837852185 5.0000000000000016e-05 148000
1695837899969 5.0000000000000016e-05 152000
1695837947140 5.0000000000000016e-05 156000
1695837994051 5.0000000000000016e-05 160000
1695838041588 5.0000000000000016e-05 164000
1695838089690 5.0000000000000016e-05 168000
1695838138757 5.0000000000000016e-05 172000
1695838190605 5.0000000000000016e-05 176000
