1695836126059 0.20000000000000004 4000
1695836171584 0.20000000000000004 8000
1695836219027 0.20000000000000004 12000
1695836266663 0.20000000000000004 16000
1695836314237 0.20000000000000004 20000
1695836360728 0.20000000000000004 24000
1695836418034 0.20000000000000004 28000
1695836468694 0.20000000000000004 32000
1695836516458 0.20000000000000004 36000
1695836563090 0.20000000000000004 40000
1695836609942 0.20000000000000004 44000
1695836657229 0.20000000000000004 48000
1695836704776 0.20000000000000004 52000
1695836751659 0.20000000000000004 56000
1695836798857 0.20000000000000004 60000
1695836847104 0.20000000000000004 64000
1695836894741 0.20000000000000004 68000
1695836941929 0.20000000000000004 72000
1695836989203 0.20000000000000004 76000
1695837036129 0.20000000000000004 80000
1695837083461 0.20000000000000004 84000
1695837129761 0.20000000000000004 88000
1695837177306 0.20000000000000004 92000
1695837225532 0.20000000000000004 96000
1695837273093 0.20000000000000004 100000
1695837319386 0.20000000000000004 104000
1695837366123 0.20000000000000004 108000
1695837413641 0.20000000000000004 112000
1695837464512 0.20000000000000004 116000
1695837514704 0.20000000000000004 120000
1695837563518 0.20000000000000004 124000
1695837610705 0.20000000000000004 128000
1695837658417 0.20000000000000004 132000
1695837706127 0.20000000000000004 136000
1695837753633 0.20000000000000004 140000
1695837803812 0.20000000000000004 144000
1695837852185 0.20000000000000004 148000
1695837899969 0.20000000000000004 152000
1695837947140 0.20000000000000004 156000
1695837994051 0.20000000000000004 160000
1695838041588 0.20000000000000004 164000
1695838089690 0.20000000000000004 168000
1695838138757 0.20000000000000004 172000
1695838190604 0.20000000000000004 176000
