1695836126068 1.9354244743784268 4000
1695836171584 1.9097877610474825 8000
1695836219034 1.884876972809434 12000
1695836266663 1.8690574535479147 16000
1695836314256 1.8289597528676191 20000
1695836360744 1.8115191804865995 24000
1695836418034 1.7800799562285343 28000
1695836468694 1.7334559269249439 32000
1695836516458 1.7306087320049603 36000
1695836563090 1.6735263956089814 40000
1695836609942 1.701935554544131 44000
1695836657229 1.6354194059967995 48000
1695836704776 1.6142803559700647 52000
1695836751659 1.573829854031404 56000
1695836798864 1.4699772621194522 60000
1695836847110 1.4366394088913996 64000
1695836894748 1.5676058154553174 68000
1695836941929 1.4869044485191505 72000
1695836989219 1.4862207828710476 76000
1695837036129 1.4582339245826006 80000
1695837083461 1.3757346416513125 84000
1695837129761 1.30193583269914 88000
1695837177321 1.3626981237282356 92000
1695837225549 1.3327727925032378 96000
1695837273099 1.225605072453618 100000
1695837319386 1.1822974789887666 104000
1695837366138 1.1220597383876643 108000
1695837413641 1.0753645261128744 112000
1695837464518 1.08737890565147 116000
1695837514711 1.0875039227927725 120000
1695837563518 1.0627946250761549 124000
1695837610711 1.0403543209657073 128000
1695837658432 1.0159550241505106 132000
1695837706145 0.9779530991489689 136000
1695837753640 0.9458815346782407 140000
1695837803827 1.0297485517337919 144000
1695837852201 0.9921971057231228 148000
1695837899969 1.0140015192329883 152000
1695837947157 0.9669701738283039 156000
1695837994051 0.9692408021539449 160000
1695838041603 0.9606452392414212 164000
1695838089690 0.9703423972552021 168000
1695838138773 0.9662490020816524 172000
1695838190610 0.9372686626389622 176000
