1695836126069 0.0010000000000000005 4000
1695836171584 0.0010000000000000005 8000
1695836219034 0.0010000000000000005 12000
1695836266663 0.0010000000000000005 16000
1695836314257 0.0010000000000000005 20000
1695836360744 0.0010000000000000005 24000
1695836418049 0.0010000000000000005 28000
1695836468694 0.0010000000000000005 32000
1695836516458 0.0010000000000000005 36000
1695836563090 0.0010000000000000005 40000
1695836609942 0.0010000000000000005 44000
1695836657229 0.0010000000000000005 48000
1695836704776 0.0010000000000000005 52000
1695836751659 0.0010000000000000005 56000
1695836798864 0.0010000000000000005 60000
1695836847111 0.0010000000000000005 64000
1695836894748 0.0010000000000000005 68000
1695836941929 0.0010000000000000005 72000
1695836989219 0.0010000000000000005 76000
1695837036129 0.0010000000000000005 80000
1695837083477 0.0010000000000000005 84000
1695837129761 0.0010000000000000005 88000
1695837177321 0.0010000000000000005 92000
1695837225550 0.0010000000000000005 96000
1695837273100 0.0010000000000000005 100000
1695837319386 0.0010000000000000005 104000
1695837366138 0.0010000000000000005 108000
1695837413656 0.0010000000000000005 112000
1695837464518 0.0010000000000000005 116000
1695837514712 0.0010000000000000005 120000
1695837563518 0.0010000000000000005 124000
1695837610711 0.0010000000000000005 128000
1695837658432 0.0010000000000000005 132000
1695837706145 0.0010000000000000005 136000
1695837753640 0.0010000000000000005 140000
1695837803827 0.0010000000000000005 144000
1695837852201 0.0010000000000000005 148000
1695837899969 0.0010000000000000005 152000
1695837947157 0.0010000000000000005 156000
1695837994051 0.0010000000000000005 160000
1695838041604 0.0010000000000000005 164000
1695838089700 0.0010000000000000005 168000
1695838138773 0.0010000000000000005 172000
1695838190611 0.0010000000000000005 176000
