1695836126058 0.6382396839248637 4000
1695836171584 0.756783073178182 8000
1695836219026 0.855326977558434 12000
1695836266663 0.8970317114144564 16000
1695836314237 0.9811948724091053 20000
1695836360728 1.0526117571319142 24000
1695836418034 1.1021514354273676 28000
1695836468694 1.1179401413848002 32000
1695836516458 1.1448604396233957 36000
1695836563080 1.284750150454541 40000
1695836609942 1.300211774247388 44000
1695836657229 1.372490862260262 48000
1695836704776 1.3310172660897175 52000
1695836751659 1.374709264251093 56000
1695836798857 1.39847594636182 60000
1695836847102 1.3938769521812597 64000
1695836894741 1.4155481110637387 68000
1695836941929 1.3786541912083825 72000
1695836989203 1.38967008292675 76000
1695837036129 1.4209290169800322 80000
1695837083461 1.405620470456779 84000
1695837129761 1.532718529490133 88000
1695837177306 1.418155762553215 92000
1695837225532 1.5992203118900459 96000
1695837273092 1.534761673770845 100000
1695837319386 1.6391061341390014 104000
1695837366123 1.4914086377248168 108000
1695837413641 1.6514504504700502 112000
1695837464512 1.43661725576967 116000
1695837514703 1.7087626387054722 120000
1695837563518 1.6061381459236146 124000
1695837610694 1.6539565555751323 128000
1695837658417 1.4964894901961088 132000
1695837706127 1.6146615219612916 136000
1695837753633 1.6431858966127038 140000
1695837803812 1.5753144952779015 144000
1695837852185 1.4557889373973012 148000
1695837899953 1.4224697028286755 152000
1695837947140 1.3580225442846616 156000
1695837994051 1.5433181064824264 160000
1695838041588 1.576682589451472 164000
1695838089690 1.390541621701171 168000
1695838138757 1.3647012983138362 172000
1695838190603 1.4373564441067477 176000
