1695836126067 0.010664519174604441 4000
1695836171584 0.01405834385477635 8000
1695836219033 0.015361906514374368 12000
1695836266663 0.010335634389964337 16000
1695836314255 0.011897454393729705 20000
1695836360728 0.012331033190506213 24000
1695836418034 0.014571317960438916 28000
1695836468694 0.014369781752174505 32000
1695836516458 0.01244159872621808 36000
1695836563090 0.013297017103449075 40000
1695836609942 0.007685912554359956 44000
1695836657229 0.009860354853419977 48000
1695836704776 0.009310588663124241 52000
1695836751659 0.011909876416453519 56000
1695836798864 0.012503573707800563 60000
1695836847109 0.010056835765006355 64000
1695836894748 0.008817467143183873 68000
1695836941929 0.013119096992036892 72000
1695836989219 0.013734941893485852 76000
1695837036129 0.012203690872655956 80000
1695837083461 0.013399405790038028 84000
1695837129761 0.012054841391568146 88000
1695837177321 0.012585135312620347 92000
1695837225547 0.01224766598484834 96000
1695837273098 0.007166430388477382 100000
1695837319386 0.01919492985944326 104000
1695837366138 0.012229611873784655 108000
1695837413641 0.007454503421444111 112000
1695837464518 0.010181400081741232 116000
1695837514710 0.010104191553260061 120000
1695837563518 0.01072783587424278 124000
1695837610711 0.01138487980977105 128000
1695837658432 0.009668372285789255 132000
1695837706143 0.00591386523752022 136000
1695837753639 0.015504041235750856 140000
1695837803827 0.009283197315225632 144000
1695837852201 0.00964413900984102 148000
1695837899969 0.010573897449825924 152000
1695837947157 0.007344707396799844 156000
1695837994051 0.011747377363431838 160000
1695838041588 0.007543528110437405 164000
1695838089690 0.007117572123771273 168000
1695838138773 0.008373389000759368 172000
1695838190609 0.010520793975107539 176000
