1695836126063 -0.014786063932600275 4000
1695836171584 -0.018176355047277562 8000
1695836219030 -0.0167154329600938 12000
1695836266663 -0.019146176604408538 16000
1695836314252 -0.02013094332360197 20000
1695836360728 -0.021148589451331645 24000
1695836418034 -0.0216291836167026 28000
1695836468694 -0.021219051210209727 32000
1695836516458 -0.021508645001934685 36000
1695836563090 -0.024361910207759744 40000
1695836609942 -0.01645059093279997 44000
1695836657229 -0.014237825072874936 48000
1695836704776 -0.013994535548408748 52000
1695836751659 -0.017305059840388517 56000
1695836798857 -0.019997654780066418 60000
1695836847106 -0.01773743612623851 64000
1695836894748 -0.01731698909716215 68000
1695836941929 -0.02131248390057105 72000
1695836989203 -0.019267455871401277 76000
1695837036129 -0.01987075460104582 80000
1695837083461 -0.02115556421679988 84000
1695837129761 -0.015426395811179343 88000
1695837177321 -0.01863681909114045 92000
1695837225532 -0.020345950260040505 96000
1695837273095 -0.014196083694453894 100000
1695837319386 -0.025723696995798188 104000
1695837366123 -0.019068268085538874 108000
1695837413641 -0.013166271812224295 112000
1695837464518 -0.02043212248099735 116000
1695837514707 -0.019552998506696895 120000
1695837563518 -0.01941792525127918 124000
1695837610705 -0.015390551241095334 128000
1695837658417 -0.012706926220562308 132000
1695837706127 -0.010582793965780487 136000
1695837753636 -0.022325619266969927 140000
1695837803812 -0.021502618733939015 144000
1695837852199 -0.017945539983338678 148000
1695837899969 -0.02083503912993668 152000
1695837947140 -0.01362769901267408 156000
1695837994051 -0.020164172111738782 160000
1695838041588 -0.011123088844275724 164000
1695838089690 -0.012318369075607431 168000
1695838138771 -0.01670452844531004 172000
1695838190607 -0.01720872610846224 176000
