1695836126062 0.00027236825532478783 4000
1695836171584 -0.010274421792837529 8000
1695836219029 -0.014083755226056382 12000
1695836266663 -0.013213684322424039 16000
1695836314237 -0.012092266776259445 20000
1695836360728 -0.0185126613934699 24000
1695836418034 -0.008005361158575397 28000
1695836468694 -0.017006361020139592 32000
1695836516458 -0.017530765025609678 36000
1695836563090 -0.01784887327242662 40000
1695836609942 -0.010299222493692166 44000
1695836657229 -0.007614570698266713 48000
1695836704776 -0.0056601361893020416 52000
1695836751659 -0.011282350970274517 56000
1695836798857 -0.012605188186474455 60000
1695836847106 -0.009599084964672025 64000
1695836894748 -0.012381049786987812 68000
1695836941929 -0.011897326360607014 72000
1695836989203 -0.010042996686509771 76000
1695837036129 -0.014093021134431182 80000
1695837083461 -0.014422110161285672 84000
1695837129761 -0.006765091346339128 88000
1695837177321 -0.01368975689074432 92000
1695837225532 -0.014030027625267394 96000
1695837273095 -0.0029975367335282497 100000
1695837319386 -0.01893385248198077 104000
1695837366123 -0.014933508213228681 108000
1695837413641 -0.007387668142473558 112000
1695837464518 -0.013709747309136825 116000
1695837514706 -0.00845244008996815 120000
1695837563518 -0.010342857950551359 124000
1695837610705 -0.011807003356322336 128000
1695837658417 -0.006863094740159188 132000
1695837706127 -0.000797900628943656 136000
1695837753635 -0.016868524093782374 140000
1695837803812 -0.017568938815262905 144000
1695837852199 -0.013541401101732239 148000
1695837899969 -0.01718657024454539 152000
1695837947140 -0.008586844496555083 156000
1695837994051 -0.014290749064214955 160000
1695838041588 -0.007348007801435112 164000
1695838089690 -0.008956621502541869 168000
1695838138757 -0.013270041306532221 172000
1695838190605 -0.012943715048398493 176000
