1695836126066 0.06734215691685677 4000
1695836171584 0.18440547597905 8000
1695836219032 -0.3090233345205585 12000
1695836266663 0.42898196503520014 16000
1695836314254 0.41368184915433326 20000
1695836360728 0.3610283105944594 24000
1695836418034 0.5723569502433141 28000
1695836468694 0.39042363949120046 32000
1695836516458 0.30654600728303194 36000
1695836563090 0.6435286828006307 40000
1695836609942 0.5057340200369557 44000
1695836657229 0.5964528947447737 48000
1695836704776 0.6839749862750372 52000
1695836751659 0.6778820679833492 56000
1695836798864 0.5820989636704326 60000
1695836847108 0.713192766221861 64000
1695836894748 0.7179446971664826 68000
1695836941929 0.7254794579620163 72000
1695836989219 0.6745137204105656 76000
1695837036129 0.6519764760509134 80000
1695837083461 0.6982545893639326 84000
1695837129761 0.6878023197874427 88000
1695837177321 0.7260854417458177 92000
1695837225547 0.7627739429473877 96000
1695837273097 0.5896821843460203 100000
1695837319386 0.6597194747378429 104000
1695837366138 0.3903060987591743 108000
1695837413641 0.7778682519992193 112000
1695837464518 0.7348007981354991 116000
1695837514709 0.6355450461308162 120000
1695837563518 0.7914869907622536 124000
1695837610710 0.817018014130493 128000
1695837658417 0.5622326477741202 132000
1695837706143 0.6715570634851853 136000
1695837753638 0.7300472022965551 140000
1695837803812 0.7891552298640211 144000
1695837852201 0.8678365927189589 148000
1695837899969 0.8298349253212413 152000
1695837947157 0.7325750038648645 156000
1695837994051 0.7054590828716755 160000
1695838041588 0.7242368857065836 164000
1695838089690 0.7614922408635417 168000
1695838138771 0.8072380386913817 172000
1695838190608 0.7015569163486362 176000
