1695836126064 0.029721905585029164 4000
1695836171584 0.014000105190401275 8000
1695836219031 0.0028883471230680396 12000
1695836266663 0.011468844986908758 16000
1695836314253 0.01497629156607824 20000
1695836360728 0.003962481042738848 24000
1695836418034 0.024979276209099528 28000
1695836468694 0.00614437989158129 32000
1695836516458 0.00644033775436886 36000
1695836563090 0.011054318844981027 40000
1695836609942 0.012632242868615624 44000
1695836657229 0.012573205866162122 48000
1695836704776 0.01617312453405854 52000
1695836751659 0.010429125473698756 56000
1695836798864 0.012723457696362553 60000
1695836847107 0.015127247197233374 64000
1695836894748 0.009480103139018562 68000
1695836941929 0.01655648634574997 72000
1695836989203 0.015927382674999536 76000
1695837036129 0.009590457620167097 80000
1695837083461 0.01085861486014134 84000
1695837129761 0.01510454475331547 88000
1695837177321 0.007585465904412558 92000
1695837225532 0.01039832341108801 96000
1695837273096 0.021981731718794133 100000
1695837319386 0.008266311579063768 104000
1695837366123 0.005621794840832687 108000
1695837413641 0.010726134337407227 112000
1695837464518 0.01154694889652698 116000
1695837514708 0.020334448638701968 120000
1695837563518 0.015984589530125957 124000
1695837610705 0.004693854497357582 128000
1695837658417 0.009852224170329767 132000
1695837706127 0.019160146430658644 136000
1695837753637 0.006604336416179042 140000
1695837803812 0.006213579049896604 144000
1695837852201 0.006935015737083935 148000
1695837899969 0.005095381660612475 152000
1695837947156 0.009077767125321164 156000
1695837994051 0.008986376291917016 160000
1695838041588 0.006454042493775584 164000
1695838089690 0.005817150981450444 168000
1695838138771 0.005452116520533915 172000
1695838190608 0.006196243605457615 176000
