1695832399262 0.0 4000
1695832445022 0.0 8000
1695832489599 1.0 12000
1695832536910 10.0 16000
1695832583893 0.0 20000
1695832630973 2.0 24000
1695832679497 8.0 28000
1695832726534 0.0 32000
1695832772787 4.0 36000
1695832820058 7.0 40000
1695832867813 0.0 44000
1695832915165 4.0 48000
1695832962209 5.0 52000
1695833010528 1.0 56000
1695833058412 3.0 60000
1695833105364 6.0 64000
1695833151634 2.0 68000
1695833198037 4.0 72000
1695833244517 4.0 76000
1695833290627 3.0 80000
1695833336851 5.0 84000
1695833383413 5.0 88000
1695833431293 3.0 92000
1695833480072 3.0 96000
1695833527577 2.0 100000
1695833575283 5.0 104000
1695833622022 5.0 108000
1695833668637 2.0 112000
1695833716531 3.0 116000
1695833763168 3.0 120000
1695833810027 3.0 124000
1695833857716 5.0 128000
1695833906456 1.0 132000
1695833954085 3.0 136000
1695834000609 6.0 140000
1695834047780 4.0 144000
1695834094383 3.0 148000
1695834141868 4.0 152000
1695834188715 2.0 156000
1695834235374 5.0 160000
1695834282266 4.0 164000
