1695832399262 nan 4000
1695832445006 nan 8000
1695832489599 1041.0 12000
1695832536910 1175.0 16000
1695832583893 1175.0 20000
1695832630973 1126.6153846153845 24000
1695832679497 1185.047619047619 28000
1695832726534 1185.047619047619 32000
1695832772779 1167.16 36000
1695832820058 1159.03125 40000
1695832867813 1159.03125 44000
1695832915165 1154.3333333333333 48000
1695832962208 1163.0975609756097 52000
1695833010527 1165.8809523809523 56000
1695833058412 1159.3111111111111 60000
1695833105364 1172.686274509804 64000
1695833151634 1165.301886792453 68000
1695833198037 1156.1052631578948 72000
1695833244517 1150.327868852459 76000
1695833290627 1145.90625 80000
1695833336851 1150.072463768116 84000
1695833383413 1128.2027027027027 88000
1695833431293 1125.5324675324675 92000
1695833480072 1123.95 96000
1695833527577 1122.719512195122 100000
1695833575281 1131.7586206896551 104000
1695833622021 1121.7717391304348 108000
1695833668636 1125.1382978723404 112000
1695833716530 1129.9278350515465 116000
1695833763166 1134.43 120000
1695833810026 1136.82 124000
1695833857715 1141.37 128000
1695833906455 1141.37 132000
1695833954084 1146.37 136000
1695834000608 1147.52 140000
1695834047780 1127.92 144000
1695834094382 1123.8 148000
1695834141867 1123.8 152000
1695834188714 1134.3 156000
1695834235373 1133.62 160000
1695834282265 1130.7 164000
