1695832399262 nan 4000
1695832445006 nan 8000
1695832489599 1.3680468750000068 12000
1695832536910 -0.32700000000000023 16000
1695832583893 -0.32700000000000023 20000
1695832630973 -0.32700000000000023 24000
1695832679497 -0.32700000000000023 28000
1695832726534 -0.32700000000000023 32000
1695832772779 -0.32700000000000023 36000
1695832820058 -0.32700000000000023 40000
1695832867813 -0.32700000000000023 44000
1695832915165 -0.32700000000000023 48000
1695832962206 -0.32700000000000023 52000
1695833010526 -0.32700000000000023 56000
1695833058412 -0.32700000000000023 60000
1695833105364 -0.32700000000000023 64000
1695833151634 -0.32700000000000023 68000
1695833198037 -0.32700000000000023 72000
1695833244517 -0.32700000000000023 76000
1695833290627 -0.32700000000000023 80000
1695833336851 -0.32700000000000023 84000
1695833383413 -0.32700000000000023 88000
1695833431293 -0.32700000000000023 92000
1695833480072 -0.32700000000000023 96000
1695833527577 -0.32700000000000023 100000
1695833575279 -0.32700000000000023 104000
1695833622019 -0.32700000000000023 108000
1695833668634 -0.32700000000000023 112000
1695833716529 -0.32700000000000023 116000
1695833763165 -0.32700000000000023 120000
1695833810025 -0.32700000000000023 124000
1695833857713 -0.2980000000000002 128000
1695833906453 -0.2980000000000002 132000
1695833954082 -0.2770000000000002 136000
1695834000606 0.6857586233735772 140000
1695834047778 0.6857586233735772 144000
1695834094380 0.6857586233735772 148000
1695834141865 0.6857586233735772 152000
1695834188713 0.6857586233735772 156000
1695834235371 0.6857586233735772 160000
1695834282263 0.6857586233735772 164000
