1695832399262 nan 4000
1695832445006 nan 8000
1695832489599 1.3680468750000068 12000
1695832536910 0.7079357995454622 16000
1695832583893 0.7079357995454622 20000
1695832630973 0.7497896669230841 24000
1695832679497 0.8770578464402702 28000
1695832726534 0.8770578464402702 32000
1695832772779 1.0324988840604183 36000
1695832820058 1.130943879844812 40000
1695832867813 1.130943879844812 44000
1695832915165 1.2017254925360499 48000
1695832962207 1.237822549887287 52000
1695833010527 1.249295661504642 56000
1695833058412 1.2756333564971427 60000
1695833105364 1.3121606219464437 64000
1695833151634 1.339092704179763 68000
1695833198037 1.377418563996355 72000
1695833244517 1.4025062475255248 76000
1695833290627 1.4191009501954 80000
1695833336851 1.4305974474867624 84000
1695833383413 1.4683429400765882 88000
1695833431293 1.480171726027482 92000
1695833480072 1.4902268295945587 96000
1695833527577 1.501506266285133 100000
1695833575280 1.5084710347639305 104000
1695833622020 1.5301616857627096 108000
1695833668635 1.533832569848954 112000
1695833716530 1.53406537401289 116000
1695833763166 1.525834209926989 120000
1695833810025 1.5305923561170485 124000
1695833857714 1.5640316271578576 128000
1695833906454 1.5811185595360198 132000
1695833954083 1.6081703956205053 136000
1695834000607 1.655603251231448 140000
1695834047779 1.689165952221507 144000
1695834094381 1.6864028272215068 148000
1695834141866 1.7053116733659337 152000
1695834188714 1.69587644709967 156000
1695834235372 1.709644572099679 160000
1695834282264 1.7138376970996791 164000
