1695832399262 nan 4000
1695832445006 nan 8000
1695832489599 1.3680468750000068 12000
1695832536909 2.0603461050000065 16000
1695832583893 2.0603461050000065 20000
1695832630973 2.0603461050000065 24000
1695832679497 2.0603461050000065 28000
1695832726534 2.0603461050000065 32000
1695832772779 2.1522244878161914 36000
1695832820058 2.783215864442597 40000
1695832867813 2.783215864442597 44000
1695832915165 2.783215864442597 48000
1695832962205 2.783215864442597 52000
1695833010525 2.783215864442597 56000
1695833058412 2.783215864442597 60000
1695833105364 2.783215864442597 64000
1695833151634 2.783215864442597 68000
1695833198037 2.783215864442597 72000
1695833244517 2.783215864442597 76000
1695833290627 2.783215864442597 80000
1695833336851 2.783215864442597 84000
1695833383413 2.783215864442597 88000
1695833431293 2.783215864442597 92000
1695833480072 2.783215864442597 96000
1695833527577 2.783215864442597 100000
1695833575278 2.783215864442597 104000
1695833622018 2.783215864442597 108000
1695833668633 2.783215864442597 112000
1695833716528 2.783215864442597 116000
1695833763165 2.783215864442597 120000
1695833810024 2.783215864442597 124000
1695833857712 2.783215864442597 128000
1695833906452 2.783215864442597 132000
1695833954082 2.783215864442597 136000
1695834000605 2.783215864442597 140000
1695834047777 2.783215864442597 144000
1695834094379 2.783215864442597 148000
1695834141864 2.783215864442597 152000
1695834188712 2.7702783644425955 156000
1695834235370 2.7702783644425955 160000
1695834282262 2.7702783644425955 164000
