1695832399262 0.0 4000
1695832445022 0.0 8000
1695832489599 0.0 12000
1695832536910 0.0 16000
1695832583893 0.0 20000
1695832630973 0.0 24000
1695832679497 0.0 28000
1695832726534 0.0 32000
1695832772787 0.0 36000
1695832820058 0.0 40000
1695832867813 0.0 44000
1695832915165 0.0 48000
1695832962210 0.0 52000
1695833010529 0.0 56000
1695833058421 0.0 60000
1695833105364 0.0 64000
1695833151634 0.0 68000
1695833198037 0.0 72000
1695833244517 0.0 76000
1695833290627 0.0 80000
1695833336851 0.0 84000
1695833383413 0.0 88000
1695833431298 0.0 92000
1695833480072 0.0 96000
1695833527577 0.0 100000
1695833575283 0.0 104000
1695833622022 0.0 108000
1695833668638 0.0 112000
1695833716532 0.0 116000
1695833763169 0.0 120000
1695833810028 0.0 124000
1695833857717 0.0 128000
1695833906457 0.0 132000
1695833954086 0.0 136000
1695834000609 0.0 140000
1695834047781 0.0 144000
1695834094383 0.0 148000
1695834141869 0.0 152000
1695834188716 0.0 156000
1695834235375 0.0 160000
1695834282267 0.0 164000
