1695836266469 0.004951953887939453 16000
1695836314061 0.004951953887939453 20000
1695836360547 0.004501776261763139 24000
1695836417812 0.0024759769439697266 28000
1695836468503 0.0023580732799711682 32000
1695836516284 0.0021530234295388927 36000
1695836562898 0.0016506512959798176 40000
1695836609751 0.0015974044799804688 44000
1695836657031 0.001456457025864545 48000
1695836704585 0.0027737021446228027 52000
1695836751466 0.0027060508728027344 56000
1695836798673 0.0024119149083676543 60000
1695836846914 0.002218961715698242 64000
1695836894567 0.002175452662449257 68000
1695836941740 0.0019464576453493353 72000
1695836989029 0.0018491347630818684 76000
1695837035943 0.0017894852545953567 80000
1695837083288 0.0016559415788792852 84000
1695837129585 0.0015626490955621423 88000
1695837177130 0.001540945635901557 92000
1695837225346 0.0014598432340120013 96000
1695837272896 0.0013530254364013672 100000
1695837319187 0.0013208105450584775 104000
1695837365941 0.001290094020754792 108000
1695837413457 0.0012192097339001331 112000
1695837464321 0.0011678745872096012 116000
1695837514502 0.0011206877352011324 120000
1695837563336 0.0006142854690551758 124000
1695837610520 0.0006142854690551758 128000
1695837658233 0.0006142854690551758 132000
1695837705952 0.0006142854690551758 136000
1695837753438 0.0006142854690551758 140000
1695837803621 0.0006692409515380859 144000
1695837852010 0.001169443130493164 148000
1695837899778 0.001169443130493164 152000
1695837946965 0.001169443130493164 156000
1695837993861 0.001169443130493164 160000
1695838041413 0.001169443130493164 164000
1695838089509 0.0005551576614379883 168000
1695838138580 0.0005551576614379883 172000
1695838190415 0.0005551576614379883 176000
