1695830907700 0.0 12000
1695830954246 0.05102049220692028 16000
1695831002650 0.05119542280832926 20000
1695831049775 0.04725731336153471 24000
1695831097296 0.06978332996368408 28000
1695831144779 0.062427918116251625 32000
1695831191284 0.06193733215332031 36000
1695831240969 0.0776517391204834 40000
1695831287628 0.07059249010953036 44000
1695831333902 0.0864108403523763 48000
1695831380700 0.07587293299233042 52000
1695831430555 0.07265968756242232 56000
1695831477715 0.06950057071188222 60000
1695831525884 0.06268678926954083 64000
1695831573266 0.06358103318647905 68000
1695831620502 0.06244565759386335 72000
1695831667939 0.07251299033730717 76000
1695831716028 0.06763320416212082 80000
1695831763126 0.06659269332885742 84000
1695831811257 0.06233386590447224 88000
1695831859886 0.06146811776691013 92000
1695831908336 0.06048726408105148 96000
1695831956025 0.0574629008769989 100000
1695832003322 0.05606136670926722 104000
1695832050571 0.06262410518734954 108000
1695832097800 0.0690778096516927 112000
1695832145067 0.06757611813752548 116000
1695832192813 0.06524783869584401 120000
