1695830907700 0.0 12000
1695830954246 0.0 16000
1695831002661 0.0 20000
1695831049775 0.0 24000
1695831097297 0.0 28000
1695831144779 0.0 32000
1695831191284 0.002190113067626953 36000
1695831240982 0.001825094223022461 40000
1695831287628 0.0016591765663840554 44000
1695831333902 0.0015209118525187175 48000
1695831380700 0.001335434797333508 52000
1695831430555 0.0012443824247880416 56000
1695831477715 0.001190278841101605 60000
1695831525885 0.0010735848370720359 64000
1695831573268 0.0019053979353471236 68000
1695831620502 0.001871372972215925 72000
1695831667939 0.0017762184143066406 76000
1695831716028 0.0016374513506889343 80000
1695831763126 0.0016122597914475661 84000
1695831811257 0.0014760124851280535 88000
1695831859886 0.0014555123117234972 92000
1695831908336 0.0013789064005801553 96000
1695831956025 0.0013099610805511475 100000
1695832003322 0.0012780108102938023 104000
1695832050571 0.0012185684470243233 108000
1695832097800 0.0011644098493787977 112000
1695832145067 0.0011390965917836065 116000
1695832192813 0.0010916342337926228 120000
