1695839581464 1.0 4000
1695839614107 1.0 8000
1695839646261 1.0 12000
1695839678182 1.0 16000
1695839711636 1.0 20000
1695839744930 1.0 24000
1695839779434 1.0 28000
1695839814078 1.0 32000
1695839850736 1.0 36000
1695839886595 1.0 40000
1695839924106 1.0 44000
1695839959816 1.0 48000
1695839995960 1.0 52000
1695840031169 1.0 56000
1695840065246 1.0 60000
1695840100475 1.0 64000
1695840134594 1.0 68000
1695840169143 1.0 72000
1695840204728 1.0 76000
1695840240142 1.0 80000
1695840276991 1.0 84000
1695840313026 1.0 88000
1695840348387 1.0 92000
1695840382575 1.0 96000
1695840416542 1.0 100000
1695840451497 1.0 104000
1695840486214 1.0 108000
1695840521231 1.0 112000
1695840555385 1.0 116000
1695840589338 1.0 120000
