1695827563058 4000.0 4000
1695827606555 8000.0 8000
1695827652018 12000.0 12000
1695827698530 16000.0 16000
1695827745417 20000.0 20000
1695827791890 24000.0 24000
1695827839138 28000.0 28000
1695827885831 32000.0 32000
1695827933010 36000.0 36000
1695827979164 40000.0 40000
1695828025075 44000.0 44000
1695828071839 48000.0 48000
1695828118271 52000.0 52000
1695828164153 56000.0 56000
1695828210714 60000.0 60000
1695828256849 64000.0 64000
1695828305376 68000.0 68000
1695828351964 72000.0 72000
1695828397821 76000.0 76000
1695828444852 80000.0 80000
1695828491260 84000.0 84000
1695828537923 88000.0 88000
1695828583970 92000.0 92000
1695828631880 96000.0 96000
1695828678589 100000.0 100000
1695828725386 104000.0 104000
1695828771321 108000.0 108000
1695828818070 112000.0 112000
1695828865234 116000.0 116000
1695828911238 120000.0 120000
1695828957895 124000.0 124000
1695829004680 128000.0 128000
1695829052064 132000.0 132000
1695829099042 136000.0 136000
1695829146187 140000.0 140000
1695829193259 144000.0 144000
1695829239793 148000.0 148000
1695829287304 152000.0 152000
1695829334672 156000.0 156000
1695829382804 160000.0 160000
1695829431030 164000.0 164000
