1695836266597 0.0 16000
1695836314172 0.0 20000
1695836360660 0.0 24000
1695836417971 0.0 28000
1695836468630 0.0 32000
1695836516394 0.0 36000
1695836563027 0.0 40000
1695836609880 0.0 44000
1695836657170 0.0 48000
1695836704712 0.0 52000
1695836751596 0.0 56000
1695836798793 0.0 60000
1695836847037 0.0 64000
1695836894685 0.0 68000
1695836941867 0.0 72000
1695836989140 0.0 76000
1695837036066 0.0 80000
1695837083399 0.0 84000
1695837129696 0.0 88000
1695837177242 0.0 92000
1695837225475 0.0 96000
1695837273031 0.0 100000
1695837319323 0.0 104000
1695837366070 0.0 108000
1695837413588 0.0 112000
1695837464448 0.0 116000
1695837514628 0.0 120000
1695837563453 0.0 124000
1695837610647 0.0 128000
1695837658368 0.0 132000
1695837706062 0.0 136000
1695837753565 0.0 140000
1695837803758 0.0 144000
1695837852121 0.0 148000
1695837899904 0.0 152000
1695837947089 0.0 156000
1695837993988 0.0 160000
1695838041524 0.0 164000
1695838089621 0.0 168000
1695838138693 0.0 172000
1695838190541 0.0 176000
