1695827606684 0.721500000000003 8000
1695827652145 0.721500000000003 12000
1695827698643 -0.2805000000000002 16000
1695827745540 -0.2805000000000002 20000
1695827792021 -0.2805000000000002 24000
1695827839249 -0.3750000000000003 28000
1695827885958 -0.3750000000000003 32000
1695827933136 -0.3750000000000003 36000
1695827979291 -0.3750000000000003 40000
1695828025202 -0.3750000000000003 44000
1695828071951 -0.3750000000000003 48000
1695828118382 -0.3750000000000003 52000
1695828164265 -0.3750000000000003 56000
1695828210833 -0.3750000000000003 60000
1695828256981 -0.3750000000000003 64000
1695828305485 -0.3750000000000003 68000
1695828352092 -0.3750000000000003 72000
1695828397948 -0.3750000000000003 76000
1695828444983 -0.3750000000000003 80000
1695828491380 -0.3750000000000003 84000
1695828538049 -0.3750000000000003 88000
1695828584097 -0.3750000000000003 92000
1695828632021 -0.3750000000000003 96000
1695828678716 -0.3750000000000003 100000
1695828725513 -0.3750000000000003 104000
1695828771432 -0.3750000000000003 108000
1695828818197 -0.3750000000000003 112000
1695828865350 -0.3750000000000003 116000
1695828911350 -0.3120000000000002 120000
1695828958006 -0.3120000000000002 124000
1695829004792 -0.3120000000000002 128000
1695829052176 -0.3120000000000002 132000
1695829099170 -0.3120000000000002 136000
1695829146299 -0.3120000000000002 140000
1695829193371 -0.3120000000000002 144000
1695829239904 -0.3120000000000002 148000
1695829287431 -0.2820000000000002 152000
1695829334790 -0.2820000000000002 156000
1695829382920 -0.2820000000000002 160000
1695829431152 -0.2820000000000002 164000
