1695827606683 0.8556562499999999 8000
1695827652145 0.8556562499999999 12000
1695827698643 -0.20400000000000015 16000
1695827745540 -0.20400000000000015 20000
1695827792020 -0.20400000000000015 24000
1695827839249 -0.2420000000000002 28000
1695827885942 -0.2420000000000002 32000
1695827933136 -0.2420000000000002 36000
1695827979291 -0.2420000000000002 40000
1695828025202 -0.2420000000000002 44000
1695828071951 -0.2420000000000002 48000
1695828118382 -0.2420000000000002 52000
1695828164265 -0.2420000000000002 56000
1695828210833 -0.2420000000000002 60000
1695828256965 -0.2580000000000002 64000
1695828305485 -0.2580000000000002 68000
1695828352092 -0.32600000000000023 72000
1695828397932 -0.32600000000000023 76000
1695828444983 -0.32600000000000023 80000
1695828491378 -0.32600000000000023 84000
1695828538049 -0.32600000000000023 88000
1695828584097 -0.32600000000000023 92000
1695828632020 -0.32600000000000023 96000
1695828678716 -0.32600000000000023 100000
1695828725513 -0.32600000000000023 104000
1695828771432 -0.32600000000000023 108000
1695828818197 -0.32600000000000023 112000
1695828865350 -0.32600000000000023 116000
1695828911350 -0.32600000000000023 120000
1695828958006 -0.35800000000000026 124000
1695829004792 -0.35800000000000026 128000
1695829052176 -0.36200000000000027 132000
1695829099170 -0.36200000000000027 136000
1695829146299 -0.36200000000000027 140000
1695829193371 -0.7544097957278856 144000
1695829239904 -0.7544097957278856 148000
1695829287431 -0.7544097957278856 152000
1695829334789 -0.7544097957278856 156000
1695829382920 -0.7544097957278856 160000
1695829431151 -0.7544097957278856 164000
