1695836266612 0.0050199031829833984 16000
1695836314188 0.0050199031829833984 20000
1695836360676 0.004563548348166726 24000
1695836417971 0.04655897617340088 28000
1695836468641 0.0443418820699056 32000
1695836516410 0.04048606623773989 36000
1695836563027 0.08051276206970215 40000
1695836609880 0.07791557619648595 44000
1695836657179 0.07104067241444308 48000
1695836704728 0.06351441144943237 52000
1695836751596 0.06196527946286085 56000
1695836798793 0.05522992299950641 60000
1695836847047 0.0508115291595459 64000
1695836894685 0.05177610060747932 68000
1695836941882 0.04632598475406045 72000
1695836989156 0.04400968551635742 76000
1695837036082 0.04259001824163621 80000
1695837083415 0.03951432099982874 84000
1695837129712 0.03728816207026092 88000
1695837177264 0.036770270930396184 92000
1695837225484 0.034834993513006916 96000
1695837273041 0.03240878989056843 100000
1695837319323 0.03163715203603109 104000
1695837366076 0.03090140431426292 108000
1695837413592 0.029203524956336387 112000
1695837464448 0.029026458137913755 116000
1695837514644 0.028665258426858922 120000
1695837563468 0.028377771377563477 124000
1695837610647 0.028377771377563477 128000
1695837658368 0.028377771377563477 132000
1695837706084 0.029385805130004883 136000
1695837753565 0.029385805130004883 140000
1695837803765 0.02988600730895996 144000
1695837852138 0.02538764476776123 148000
1695837899920 0.018357157707214355 152000
1695837947093 0.010545611381530762 156000
1695837993994 0.01840341091156006 160000
1695838041540 0.026219964027404785 164000
1695838089636 0.02551579475402832 168000
1695838138710 0.02605593204498291 172000
1695838190550 0.03387153148651123 176000
