1695839677963 1.1920000000000153 16000
1695839711461 1.1920000000000153 20000
1695839744723 1.8516932378152162 24000
1695839779234 1.8516932378152162 28000
1695839813881 1.8516932378152162 32000
1695839850561 1.8516932378152162 36000
1695839886393 1.8516932378152162 40000
1695839923915 1.8516932378152162 44000
1695839959632 1.8516932378152162 48000
1695839995774 1.8516932378152162 52000
1695840030977 1.8516932378152162 56000
1695840065056 1.8516932378152162 60000
1695840100279 1.8516932378152162 64000
1695840134402 1.8516932378152162 68000
1695840168947 1.8516932378152162 72000
1695840204528 1.8516932378152162 76000
1695840239952 1.8516932378152162 80000
1695840276773 1.8516932378152162 84000
1695840312843 1.8516932378152162 88000
1695840348211 1.8516932378152162 92000
1695840382381 1.8516932378152162 96000
1695840416337 1.8516932378152162 100000
1695840451307 1.8516932378152162 104000
1695840486023 1.47905000000002 108000
1695840521057 1.6430500000000001 112000
1695840555193 1.6430500000000001 116000
1695840589148 1.6430500000000001 120000
