1695839677963 1.3236932378152193 16000
1695839711461 1.3236932378152193 20000
1695839744723 2.4079276128161773 24000
1695839779234 2.4079276128161773 28000
1695839813881 2.4079276128161773 32000
1695839850561 2.4079276128161773 36000
1695839886392 2.4079276128161773 40000
1695839923914 2.588689855000003 44000
1695839959631 2.588689855000003 48000
1695839995774 2.588689855000003 52000
1695840030976 2.588689855000003 56000
1695840065056 2.588689855000003 60000
1695840100278 2.588689855000003 64000
1695840134402 2.588689855000003 68000
1695840168946 2.6544658644425976 72000
1695840204528 2.6544658644425976 76000
1695840239951 2.6544658644425976 80000
1695840276773 2.6544658644425976 84000
1695840312841 2.6781307378161774 88000
1695840348211 2.6781307378161774 92000
1695840382380 2.824677612816172 96000
1695840416337 2.824677612816172 100000
1695840451307 2.8695682378161713 104000
1695840486023 2.8695682378161713 108000
1695840521057 2.8695682378161713 112000
1695840555193 2.8695682378161713 116000
1695840589148 2.915536987816171 120000
