1695836126005 1.0 4000
1695836171536 1.0 8000
1695836218983 1.0 12000
1695836266612 1.0 16000
1695836314205 1.0 20000
1695836360692 1.0 24000
1695836417986 1.0 28000
1695836468646 1.0 32000
1695836516410 1.0 36000
1695836563043 1.0 40000
1695836609893 1.0 44000
1695836657181 1.0 48000
1695836704728 1.0 52000
1695836751612 1.0 56000
1695836798810 1.0 60000
1695836847059 1.0 64000
1695836894701 1.0 68000
1695836941882 1.0 72000
1695836989171 1.0 76000
1695837036082 1.0 80000
1695837083415 1.0 84000
1695837129728 1.0 88000
1695837177274 1.0 92000
1695837225495 1.0 96000
1695837273050 1.0 100000
1695837319339 1.0 104000
1695837366084 1.0 108000
1695837413608 1.0 112000
1695837464464 1.0 116000
1695837514661 1.0 120000
1695837563468 1.0 124000
1695837610662 1.0 128000
1695837658387 1.0 132000
1695837706096 1.0 136000
1695837753581 1.0 140000
1695837803765 1.0 144000
1695837852154 1.0 148000
1695837899921 1.0 152000
1695837947109 1.0 156000
1695837994004 1.0 160000
1695838041556 1.0 164000
1695838089652 1.0 168000
1695838138710 1.0 172000
1695838190561 1.0 176000
