1695827606524 1.0 8000
1695827652003 1.0 12000
1695827698498 1.0 16000
1695827745391 1.0 20000
1695827791875 1.0 24000
1695827839117 1.0 28000
1695827885815 1.0 32000
1695827932993 1.0 36000
1695827979149 1.0 40000
1695828025042 1.0 44000
1695828071822 1.0 48000
1695828118255 1.0 52000
1695828164138 1.0 56000
1695828210699 1.0 60000
1695828256838 1.0 64000
1695828305342 1.0 68000
1695828351948 1.0 72000
1695828397805 1.0 76000
1695828444835 1.0 80000
1695828491238 1.0 84000
1695828537907 1.0 88000
1695828583954 1.0 92000
1695828631862 1.0 96000
1695828678572 1.0 100000
1695828725370 1.0 104000
1695828771290 1.0 108000
1695828818060 1.0 112000
1695828865202 1.0 116000
1695828911206 1.0 120000
1695828957864 1.0 124000
1695829004649 1.0 128000
1695829052049 1.0 132000
1695829099026 1.0 136000
1695829146156 1.0 140000
1695829193228 1.0 144000
1695829239762 1.0 148000
1695829287288 1.0 152000
1695829334651 1.0 156000
1695829382787 1.0 160000
1695829431009 1.0 164000
