1695827606524 1.0 8000
1695827652003 1.0 12000
1695827698498 0.2727272727272727 16000
1695827745391 0.2727272727272727 20000
1695827791875 0.25 24000
1695827839115 0.15 28000
1695827885815 0.18181818181818182 32000
1695827932993 0.2962962962962963 36000
1695827979149 0.2903225806451613 40000
1695828025042 0.2727272727272727 44000
1695828071807 0.2702702702702703 48000
1695828118255 0.3023255813953488 52000
1695828164136 0.30434782608695654 56000
1695828210699 0.3269230769230769 60000
1695828256833 0.3333333333333333 64000
1695828305342 0.3275862068965517 68000
1695828351948 0.32786885245901637 72000
1695828397805 0.3181818181818182 76000
1695828444835 0.3142857142857143 80000
1695828491237 0.33783783783783783 84000
1695828537907 0.33766233766233766 88000
1695828583954 0.35294117647058826 92000
1695828631862 0.367816091954023 96000
1695828678568 0.36363636363636365 100000
1695828725370 0.35789473684210527 104000
1695828771290 0.39 108000
1695828818054 0.42 112000
1695828865202 0.46 116000
1695828911206 0.51 120000
1695828957864 0.51 124000
1695829004649 0.54 128000
1695829052049 0.6 132000
1695829099026 0.62 136000
1695829146156 0.64 140000
1695829193228 0.66 144000
1695829239762 0.69 148000
1695829287288 0.71 152000
1695829334650 0.74 156000
1695829382787 0.77 160000
1695829431008 0.82 164000
