1695830907653 -0.7212573578908242 12000
1695830954215 0.5948437499999999 16000
1695831002613 0.5948437499999999 20000
1695831049744 0.5948437499999999 24000
1695831097263 0.5948437499999999 28000
1695831144748 0.6441093750000001 32000
1695831191252 0.6441093750000001 36000
1695831240938 0.6441093750000001 40000
1695831287595 0.6441093750000001 44000
1695831333871 0.8229374999999999 48000
1695831380668 0.8229374999999999 52000
1695831430522 0.8229374999999999 56000
1695831477682 0.8229374999999999 60000
1695831525851 0.8229374999999999 64000
1695831573230 1.0692187499999999 68000
1695831620469 1.0692187499999999 72000
1695831667907 1.0692187499999999 76000
1695831715996 1.0692187499999999 80000
1695831763106 1.0692187499999999 84000
1695831811226 1.0692187499999999 88000
1695831859857 1.0692187499999999 92000
1695831908305 1.0692187499999999 96000
1695831955992 1.0692187499999999 100000
1695832003287 1.0692187499999999 104000
1695832050555 1.0692187499999999 108000
1695832097767 1.0692187499999999 112000
1695832145034 1.0692187499999999 116000
1695832192781 1.0692187499999999 120000
