1695830907653 0.7019999999999998 12000
1695830954215 1.2402836050000083 16000
1695831002629 1.2402836050000083 20000
1695831049744 1.2402836050000083 24000
1695831097264 1.339693237815221 28000
1695831144748 1.9246932378161776 32000
1695831191252 1.9246932378161776 36000
1695831240938 1.9246932378161776 40000
1695831287595 1.9246932378161776 44000
1695831333871 1.9246932378161776 48000
1695831380668 1.9246932378161776 52000
1695831430522 1.9246932378161776 56000
1695831477682 1.9246932378161776 60000
1695831525852 1.9246932378161776 64000
1695831573230 1.9246932378161776 68000
1695831620469 1.9246932378161776 72000
1695831667907 1.9246932378161776 76000
1695831715996 1.9246932378161776 80000
1695831763107 1.9246932378161776 84000
1695831811226 1.9246932378161776 88000
1695831859859 1.9246932378161776 92000
1695831908305 1.9246932378161776 96000
1695831955992 1.9816932378161722 100000
1695832003287 1.9816932378161722 104000
1695832050555 1.9816932378161722 108000
1695832097767 1.9816932378161722 112000
1695832145050 1.9816932378161722 116000
1695832192782 1.9816932378161722 120000
