1695836126094 0.85 4000
1695836171615 0.85 8000
1695836219057 0.85 12000
1695836266693 0.85 16000
1695836314274 0.85 20000
1695836360760 0.85 24000
1695836418067 0.85 28000
1695836468710 0.85 32000
1695836516490 0.85 36000
1695836563106 0.85 40000
1695836609957 0.85 44000
1695836657260 0.85 48000
1695836704808 0.85 52000
1695836751692 0.85 56000
1695836798888 0.85 60000
1695836847132 0.85 64000
1695836894764 0.85 68000
1695836941962 0.85 72000
1695836989234 0.85 76000
1695837036162 0.85 80000
1695837083494 0.85 84000
1695837129792 0.85 88000
1695837177355 0.85 92000
1695837225569 0.85 96000
1695837273120 0.85 100000
1695837319418 0.85 104000
1695837366154 0.85 108000
1695837413677 0.85 112000
1695837464544 0.85 116000
1695837514721 0.85 120000
1695837563549 0.85 124000
1695837610727 0.85 128000
1695837658450 0.85 132000
1695837706159 0.85 136000
1695837753648 0.85 140000
1695837803844 0.85 144000
1695837852216 0.85 148000
1695837899984 0.85 152000
1695837947175 0.85 156000
1695837994068 0.85 160000
1695838041620 0.85 164000
1695838089716 0.85 168000
1695838138789 0.85 172000
1695838190634 0.85 176000
