1695839581488 0.5 4000
1695839614123 0.5 8000
1695839646292 0.5 12000
1695839678187 0.5 16000
1695839711653 0.5 20000
1695839744945 0.5 24000
1695839779456 0.5 28000
1695839814087 0.5 32000
1695839850768 0.5 36000
1695839886616 0.5 40000
1695839924125 0.5 44000
1695839959831 0.5 48000
1695839995964 0.5 52000
1695840031188 0.5 56000
1695840065262 0.5 60000
1695840100495 0.5 64000
1695840134610 0.5 68000
1695840169163 0.5 72000
1695840204744 0.5 76000
1695840240161 0.5 80000
1695840277008 0.5 84000
1695840313054 0.5 88000
1695840348419 0.5 92000
1695840382591 0.5 96000
1695840416560 0.5 100000
1695840451514 0.5 104000
1695840486229 0.5 108000
1695840521263 0.5 112000
1695840555417 0.5 116000
1695840589354 0.5 120000
