1695827606571 0.5857453364111511 8000
1695827652034 0.5857453364111511 12000
1695827698531 0.5508089789294838 16000
1695827745423 0.5508089789294838 20000
1695827791906 0.5526710469914992 24000
1695827839139 0.5558632123904679 28000
1695827885846 0.5542435172942869 32000
1695827933025 0.5548039451261998 36000
1695827979180 0.5547054133525633 40000
1695828025075 0.5541442543166579 44000
1695828071855 0.556171397186374 48000
1695828118286 0.5560158767911346 52000
1695828164169 0.5547446757723822 56000
1695828210733 0.5560387253956276 60000
1695828256865 0.5552966737260094 64000
1695828305391 0.5554099188588688 68000
1695828351979 0.5563129061763851 72000
1695828397837 0.5556891078941009 76000
1695828444868 0.5549851413758798 80000
1695828491276 0.555477412499948 84000
1695828537938 0.5551998368385673 88000
1695828583985 0.5549783237156971 92000
1695828631895 0.5545594114098789 96000
1695828678613 0.5542630603176163 100000
1695828725402 0.5538837986562615 104000
1695828771337 0.5544896936650087 108000
1695828818086 0.553044863716061 112000
1695828865250 0.5542885421074073 116000
1695828911254 0.5526388488512992 120000
1695828957895 0.5524767853279278 124000
1695829004680 0.5516280685599758 128000
1695829052080 0.5504279025409541 132000
1695829099059 0.5511535838964966 136000
1695829146203 0.5501442719017001 140000
1695829193275 0.5508971654796173 144000
1695829239809 0.5502753367199695 148000
1695829287319 0.5513874796152295 152000
1695829334683 0.5503427595258042 156000
1695829382820 0.5513512072251111 160000
1695829431045 0.5522269342345786 164000
