1695827606571 0.3134546506122108 8000
1695827652050 0.3134546506122108 12000
1695827698547 0.18219257477208448 16000
1695827745439 0.18219257477208448 20000
1695827791906 0.18388721782623144 24000
1695827839155 0.18749678471496603 28000
1695827885846 0.18758086761203818 32000
1695827933041 0.18715691388989453 36000
1695827979196 0.18909139344082196 40000
1695828025090 0.18890883134627262 44000
1695828071855 0.1893140184450913 48000
1695828118286 0.19150197822689022 52000
1695828164169 0.19167375342864154 56000
1695828210733 0.19250933143016835 60000
1695828256865 0.19315729209077798 64000
1695828305394 0.1935779153444697 68000
1695828351997 0.19434565894538697 72000
1695828397837 0.194716792969305 76000
1695828444885 0.19557039875857754 80000
1695828491278 0.1962690122668534 84000
1695828537938 0.19675062433308968 88000
1695828583985 0.1975301232509252 92000
1695828631911 0.19800344483911286 96000
1695828678613 0.19788789791755593 100000
1695828725417 0.19844413247307102 104000
1695828771337 0.19794888954258336 108000
1695828818086 0.20011505565263984 112000
1695828865250 0.2015332917203571 116000
1695828911255 0.2017107035525021 120000
1695828957911 0.2032298773479054 124000
1695829004696 0.20439035112456627 128000
1695829052080 0.20517218924986158 132000
1695829099059 0.20591382189280202 136000
1695829146203 0.2066576612087323 140000
1695829193276 0.20694962086712448 144000
1695829239809 0.2078949809928827 148000
1695829287319 0.20791500506780403 152000
1695829334683 0.20884529861755868 156000
1695829382820 0.2090495578305803 160000
1695829431048 0.20956917310883905 164000
