1695827606571 0.19024225061157074 8000
1695827652050 0.19024225061157074 12000
1695827698531 0.17353281003799334 16000
1695827745439 0.17353281003799334 20000
1695827791906 0.17414032302245464 24000
1695827839155 0.17397855360719877 28000
1695827885846 0.17564538232231205 32000
1695827933025 0.17508372927689442 36000
1695827979196 0.17645837710454773 40000
1695828025090 0.1773663535546555 44000
1695828071855 0.17825887320786296 48000
1695828118286 0.17749800846610256 52000
1695828164169 0.17741795295679316 56000
1695828210733 0.17894003648952797 60000
1695828256865 0.17919324966787314 64000
1695828305393 0.17905110044863456 68000
1695828351996 0.17906306232134256 72000
1695828397837 0.18058265527172196 76000
1695828444884 0.18079359129349393 80000
1695828491278 0.1810871412393657 84000
1695828537938 0.18143506195364908 88000
1695828583985 0.18186160341755692 92000
1695828631911 0.18217990465315792 96000
1695828678613 0.1822666385797602 100000
1695828725417 0.18267254615441483 104000
1695828771337 0.18274942863195828 108000
1695828818086 0.1828919167281464 112000
1695828865250 0.18485841313626986 116000
1695828911255 0.18559795659119424 120000
1695828957911 0.18549689412625173 124000
1695829004696 0.18603233199554814 128000
1695829052080 0.1861804930695049 132000
1695829099059 0.18696183600647157 136000
1695829146203 0.18658875315363357 140000
1695829193276 0.18693979818994777 144000
1695829239809 0.18693882031083373 148000
1695829287319 0.18621257842908656 152000
1695829334683 0.18639906779163276 156000
1695829382820 0.18595472900326596 160000
1695829431047 0.18535300046181058 164000
