1695827606571 3.6951093637987915 8000
1695827652034 3.6951093637987915 12000
1695827698531 3.681919136077892 16000
1695827745423 3.681919136077892 20000
1695827791906 3.6755126035094463 24000
1695827839154 3.7125486130328915 28000
1695827885846 3.72335983997063 32000
1695827933025 3.745137422217536 36000
1695827979180 3.751529070593916 40000
1695828025090 3.7586115896893344 44000
1695828071855 3.7659327422848405 48000
1695828118286 3.7807941654222548 52000
1695828164169 3.7919116219959337 56000
1695828210733 3.7921206423531406 60000
1695828256865 3.7989428123179767 64000
1695828305392 3.805343279471722 68000
1695828351995 3.8061540807076764 72000
1695828397837 3.810518365681446 76000
1695828444868 3.8175831634458675 80000
1695828491277 3.8175668220590566 84000
1695828537938 3.814473473650805 88000
1695828583985 3.82402465337023 92000
1695828631895 3.824014520860028 96000
1695828678613 3.8221145889886983 100000
1695828725402 3.8307311481232205 104000
1695828771337 3.8423745458744314 108000
1695828818086 3.850485509001782 112000
1695828865250 3.8665324583548464 116000
1695828911255 3.8731030597257536 120000
1695828957911 3.872808036565624 124000
1695829004696 3.8791765720021636 128000
1695829052080 3.8813251298689284 132000
1695829099059 3.8779493033030144 136000
1695829146203 3.884694997589882 140000
1695829193276 3.88078352174611 144000
1695829239809 3.882172856281453 148000
1695829287319 3.8823843821299 152000
1695829334683 3.886378591357882 156000
1695829382820 3.887858515126711 160000
1695829431046 3.884365221703985 164000
