1695836266597 0.5747859288870283 16000
1695836314188 0.5747859288870283 20000
1695836360660 0.5722435727880498 24000
1695836417971 0.5807236780451313 28000
1695836468630 0.5817523172620473 32000
1695836516394 0.5813216398455241 36000
1695836563027 0.5847080145526619 40000
1695836609880 0.5849727434488968 44000
1695836657174 0.5848558472784963 48000
1695836704712 0.5853179456293189 52000
1695836751596 0.585198473311254 56000
1695836798793 0.5835749246969757 60000
1695836847042 0.5831843725142462 64000
1695836894685 0.5836406024425592 68000
1695836941867 0.5832256201015067 72000
1695836989156 0.5826173441565142 76000
1695837036066 0.5821011807982776 80000
1695837083415 0.5811657091028416 84000
1695837129712 0.5805098537801346 88000
1695837177261 0.5803302804691106 92000
1695837225479 0.5803018802432486 96000
1695837273036 0.5794673086290318 100000
1695837319323 0.5792306134590943 104000
1695837366076 0.5792556198449286 108000
1695837413592 0.5786539178897226 112000
1695837464448 0.5786450714775695 116000
1695837514644 0.578781537628865 120000
1695837563453 0.580208428037996 124000
1695837610647 0.5805809975396629 128000
1695837658368 0.579172333028686 132000
1695837706078 0.5790245128999443 136000
1695837753565 0.5789415726757257 140000
1695837803758 0.5781865402648318 144000
1695837852138 0.5773088132798887 148000
1695837899904 0.5769616314268716 152000
1695837947093 0.5758452593082931 156000
1695837993994 0.5757786436210208 160000
1695838041540 0.5748576131694868 164000
1695838089636 0.5746050006873106 168000
1695838138709 0.5745186626874966 172000
1695838190546 0.5742286233483024 176000
