1695836266612 0.0 16000
1695836314188 0.0 20000
1695836360676 0.0 24000
1695836417971 0.0 28000
1695836468641 0.0 32000
1695836516410 0.0 36000
1695836563027 0.0 40000
1695836609880 0.0 44000
1695836657178 0.0 48000
1695836704712 0.0 52000
1695836751596 0.0 56000
1695836798793 0.0 60000
1695836847046 0.0 64000
1695836894685 0.0 68000
1695836941882 0.0 72000
1695836989156 0.0 76000
1695837036082 0.0 80000
1695837083415 0.0 84000
1695837129712 0.0 88000
1695837177264 0.0 92000
1695837225483 0.0 96000
1695837273040 0.0 100000
1695837319323 0.0 104000
1695837366076 0.0 108000
1695837413592 0.0 112000
1695837464448 0.0 116000
1695837514644 0.0 120000
1695837563468 0.0 124000
1695837610647 0.0 128000
1695837658368 0.0 132000
1695837706084 0.0 136000
1695837753565 0.0 140000
1695837803765 0.0 144000
1695837852138 0.0 148000
1695837899904 0.0 152000
1695837947093 0.0 156000
1695837993994 0.0 160000
1695838041540 0.0 164000
1695838089636 0.0 168000
1695838138710 0.0 172000
1695838190549 0.0 176000
