1695836266597 0.1768572191980613 16000
1695836314188 0.1768572191980613 20000
1695836360660 0.18338447865676152 24000
1695836417971 0.1771807612955273 28000
1695836468641 0.17835564137543808 32000
1695836516410 0.17889014319199295 36000
1695836563027 0.18006710178991592 40000
1695836609880 0.18102630989412594 44000
1695836657176 0.18089772235319274 48000
1695836704712 0.1820031670993129 52000
1695836751596 0.18300715432492495 56000
1695836798793 0.18389890185783703 60000
1695836847044 0.1838186488881443 64000
1695836894685 0.18330471807661766 68000
1695836941867 0.18342537993563465 72000
1695836989156 0.18342911928263955 76000
1695837036082 0.18457830818883006 80000
1695837083415 0.18472454057710136 84000
1695837129712 0.18484224861844367 88000
1695837177263 0.18527336993547283 92000
1695837225481 0.18515342831140394 96000
1695837273038 0.18505345822235258 100000
1695837319323 0.18557606895399892 104000
1695837366076 0.185706347303207 108000
1695837413592 0.18480724062042875 112000
1695837464448 0.18582224118868762 116000
1695837514644 0.18658487162326118 120000
1695837563453 0.18547059107786137 124000
1695837610647 0.18523787506188824 128000
1695837658368 0.18647113615665628 132000
1695837706083 0.18607275171868415 136000
1695837753565 0.18644653184725346 140000
1695837803765 0.18661890532571437 144000
1695837852138 0.18795489631276688 148000
1695837899904 0.18752406272320818 152000
1695837947093 0.18822843038745926 156000
1695837993994 0.18822508955779985 160000
1695838041540 0.18770377869507426 164000
1695838089636 0.18763012322303518 168000
1695838138710 0.18806527649318963 172000
1695838190547 0.18738217457464335 176000
