1695836266597 3.8528505077516932 16000
1695836314188 3.8528505077516932 20000
1695836360660 3.8600839028721863 24000
1695836417971 3.9150745769382524 28000
1695836468630 3.9175062383207546 32000
1695836516394 3.9302952925535037 36000
1695836563027 3.9578696864949365 40000
1695836609880 3.957985617222151 44000
1695836657175 3.9654013478525107 48000
1695836704712 3.9744597444072562 52000
1695836751596 3.974334852867188 56000
1695836798793 3.974762668654896 60000
1695836847043 3.9814959808812636 64000
1695836894685 3.9830511664357986 68000
1695836941867 3.984841336670634 72000
1695836989156 3.981185672039097 76000
1695837036066 3.9845585847032288 80000
1695837083415 3.9861785627305544 84000
1695837129712 3.9861607512539874 88000
1695837177261 3.9871316100613887 92000
1695837225480 3.987360677797545 96000
1695837273037 3.985535866180794 100000
1695837319323 3.9862238562794325 104000
1695837366076 3.9876322286448254 108000
1695837413592 3.98546973271015 112000
1695837464448 3.989168051443138 116000
1695837514644 3.9899091598258623 120000
1695837563453 3.998925739772982 124000
1695837610647 4.000949232587596 128000
1695837658368 4.005097790688957 132000
1695837706078 4.01055709878112 136000
1695837753565 4.008756815633061 140000
1695837803765 4.007655158357842 144000
1695837852138 4.006183608493939 148000
1695837899904 4.005297137383087 152000
1695837947093 4.001642061412932 156000
1695837993994 4.00319050967108 160000
1695838041540 4.002488206870547 164000
1695838089636 3.9994420064854865 168000
1695838138710 4.000867472778115 172000
1695838190547 4.000772131991788 176000
