1695836266612 0.2258518053396726 16000
1695836314188 0.2258518053396726 20000
1695836360676 0.22399747367924822 24000
1695836417971 0.23035077205880397 28000
1695836468641 0.23101104235199055 32000
1695836516410 0.23230877387651183 36000
1695836563027 0.23283077219439866 40000
1695836609880 0.2331314137826837 44000
1695836657177 0.23390345539450644 48000
1695836704712 0.23268689494848518 52000
1695836751596 0.2321961003605893 56000
1695836798793 0.23199590489634972 60000
1695836847045 0.23119092551434942 64000
1695836894685 0.23129326418902502 68000
1695836941867 0.23062152782539333 72000
1695836989156 0.22998630387490301 76000
1695837036082 0.22924747030797402 80000
1695837083415 0.22862554251255868 84000
1695837129712 0.2279158208815159 88000
1695837177264 0.2275709397691579 92000
1695837225482 0.22696079737613412 96000
1695837273039 0.226255037752507 100000
1695837319323 0.22619353814333237 104000
1695837366076 0.22577842514013569 108000
1695837413592 0.22508070287567433 112000
1695837464448 0.22463365205082272 116000
1695837514644 0.22466651929805526 120000
1695837563453 0.22480980765720593 124000
1695837610647 0.22458737114169217 128000
1695837658368 0.22420104996424065 132000
1695837706084 0.22408460891608933 136000
1695837753565 0.22358963371154217 140000
1695837803765 0.22220805477461894 144000
1695837852138 0.22137351997775975 148000
1695837899904 0.22125133688137066 152000
1695837947093 0.2199359554292617 156000
1695837993994 0.2198343796330713 160000
1695838041540 0.21892914928347276 164000
1695838089636 0.21872026590522647 168000
1695838138710 0.21856861391365853 172000
1695838190548 0.217843923998395 176000
