1695836266462 1.7052836050000149 16000
1695836314045 1.7052836050000149 20000
1695836360531 1.7052836050000149 24000
1695836417796 1.8909346144425985 28000
1695836468501 1.8909346144425985 32000
1695836516267 2.2055369878161795 36000
1695836562898 2.2055369878161795 40000
1695836609751 2.2055369878161795 44000
1695836657031 2.2055369878161795 48000
1695836704585 2.2055369878161795 52000
1695836751466 2.2055369878161795 56000
1695836798664 2.2055369878161795 60000
1695836846905 2.2055369878161795 64000
1695836894558 2.2055369878161795 68000
1695836941740 2.2055369878161795 72000
1695836989012 2.215911987816173 76000
1695837035943 2.215911987816173 80000
1695837083278 2.215911987816173 84000
1695837129569 2.215911987816173 88000
1695837177114 2.215911987816173 92000
1695837225337 2.215911987816173 96000
1695837272880 2.345255737816171 100000
1695837319187 2.345255737816171 104000
1695837365926 2.345255737816171 108000
1695837413442 2.345255737816171 112000
1695837464318 2.345255737816171 116000
1695837514502 2.345255737816171 120000
1695837563321 2.345255737816171 124000
1695837610505 2.345255737816171 128000
1695837658233 2.345255737816171 132000
1695837705942 2.345255737816171 136000
1695837753431 2.345255737816171 140000
1695837803621 2.345255737816171 144000
1695837851999 2.345255737816171 148000
1695837899762 2.345255737816171 152000
1695837946950 2.345255737816171 156000
1695837993845 2.345255737816171 160000
1695838041403 2.345255737816171 164000
1695838089493 2.345255737816171 168000
1695838138571 2.345255737816171 172000
1695838190405 2.345255737816171 176000
