1695836266462 1.7672836050000134 16000
1695836314061 1.7672836050000134 20000
1695836360531 1.7672836050000134 24000
1695836417796 1.7672836050000134 28000
1695836468502 1.7672836050000134 32000
1695836516267 1.7672836050000134 36000
1695836562898 1.7672836050000134 40000
1695836609751 1.7672836050000134 44000
1695836657031 1.7672836050000134 48000
1695836704585 1.7672836050000134 52000
1695836751466 1.7672836050000134 56000
1695836798665 1.885693237816183 60000
1695836846906 1.885693237816183 64000
1695836894559 1.885693237816183 68000
1695836941740 1.885693237816183 72000
1695836989012 1.885693237816183 76000
1695837035943 1.885693237816183 80000
1695837083278 1.885693237816183 84000
1695837129577 1.885693237816183 88000
1695837177114 1.885693237816183 92000
1695837225338 1.885693237816183 96000
1695837272880 1.885693237816183 100000
1695837319187 1.885693237816183 104000
1695837365926 1.885693237816183 108000
1695837413457 1.885693237816183 112000
1695837464318 1.9636932378161749 116000
1695837514502 1.9636932378161749 120000
1695837563321 1.9636932378161749 124000
1695837610505 1.9636932378161749 128000
1695837658233 1.9636932378161749 132000
1695837705942 1.9636932378161749 136000
1695837753437 1.9636932378161749 140000
1695837803621 1.9636932378161749 144000
1695837851999 1.9636932378161749 148000
1695837899762 1.9636932378161749 152000
1695837946950 1.9636932378161749 156000
1695837993845 1.9636932378161749 160000
1695838041403 1.9636932378161749 164000
1695838089493 1.9636932378161749 168000
1695838138571 1.9636932378161749 172000
1695838190406 1.9636932378161749 176000
