1695827563273 0.5 4000
1695827606800 0.5 8000
1695827652241 0.5 12000
1695827698737 0.5 16000
1695827745633 0.5 20000
1695827792125 0.5 24000
1695827839360 0.5 28000
1695827886055 0.5 32000
1695827933232 0.5 36000
1695827979402 0.5 40000
1695828025330 0.5 44000
1695828072062 0.5 48000
1695828118493 0.5 52000
1695828164376 0.5 56000
1695828210942 0.5 60000
1695828257093 0.5 64000
1695828305596 0.5 68000
1695828352204 0.5 72000
1695828398044 0.5 76000
1695828445094 0.5 80000
1695828491488 0.5 84000
1695828538145 0.5 88000
1695828584208 0.5 92000
1695828632128 0.5 96000
1695828678843 0.5 100000
1695828725625 0.5 104000
1695828771543 0.5 108000
1695828818308 0.5 112000
1695828865457 0.5 116000
1695828911461 0.5 120000
1695828958117 0.5 124000
1695829004907 0.5 128000
1695829052287 0.5 132000
1695829099281 0.5 136000
1695829146410 0.5 140000
1695829193467 0.5 144000
1695829240015 0.5 148000
1695829287526 0.5 152000
1695829334905 0.5 156000
1695829383031 0.5 160000
1695829431250 0.5 164000
