1695827563273 0.0015 4000
1695827606800 0.0015 8000
1695827652241 0.0015 12000
1695827698737 0.0015 16000
1695827745650 0.0015 20000
1695827792125 0.0015 24000
1695827839360 0.0015 28000
1695827886055 0.0015 32000
1695827933232 0.0015 36000
1695827979402 0.0015 40000
1695828025330 0.0015 44000
1695828072062 0.0015 48000
1695828118493 0.0015 52000
1695828164376 0.0015 56000
1695828210958 0.0015 60000
1695828257093 0.0015 64000
1695828305596 0.0015 68000
1695828352204 0.0015 72000
1695828398044 0.0015 76000
1695828445094 0.0015 80000
1695828491489 0.0015 84000
1695828538145 0.0015 88000
1695828584208 0.0015 92000
1695828632129 0.0015 96000
1695828678843 0.0015 100000
1695828725625 0.0015 104000
1695828771543 0.0015 108000
1695828818308 0.0015 112000
1695828865457 0.0015 116000
1695828911461 0.0015 120000
1695828958117 0.0015 124000
1695829004907 0.0015 128000
1695829052287 0.0015 132000
1695829099281 0.0015 136000
1695829146410 0.0015 140000
1695829193467 0.0015 144000
1695829240015 0.0015 148000
1695829287526 0.0015 152000
1695829334905 0.0015 156000
1695829383031 0.0015 160000
1695829431250 0.0015 164000
