1695830907684 0.0 12000
1695830954239 0.0 16000
1695831002645 0.0 20000
1695831049759 0.0 24000
1695831097282 0.0 28000
1695831144764 0.0 32000
1695831191268 0.0 36000
1695831240969 0.0 40000
1695831287628 0.0 44000
1695831333886 0.0 48000
1695831380694 0.0 52000
1695831430538 0.0 56000
1695831477699 0.0 60000
1695831525872 0.0 64000
1695831573253 0.0 68000
1695831620486 0.0 72000
1695831667923 0.0 76000
1695831716012 0.0 80000
1695831763126 0.0 84000
1695831811242 0.0 88000
1695831859879 0.0 92000
1695831908320 0.0 96000
1695831956008 0.0 100000
1695832003305 0.0 104000
1695832050571 0.0 108000
1695832097783 0.0 112000
1695832145067 0.0 116000
1695832192800 0.0 120000
