1695830907684 0.0 12000
1695830954246 0.0 16000
1695831002650 0.0 20000
1695831049775 0.0 24000
1695831097286 0.0 28000
1695831144779 0.0 32000
1695831191268 0.0 36000
1695831240969 0.0 40000
1695831287628 0.0 44000
1695831333886 0.0 48000
1695831380694 0.0 52000
1695831430553 0.0 56000
1695831477699 0.0 60000
1695831525876 0.0 64000
1695831573256 0.0 68000
1695831620502 0.0 72000
1695831667923 0.0 76000
1695831716012 0.0 80000
1695831763126 0.0 84000
1695831811257 0.0 88000
1695831859882 0.0 92000
1695831908336 0.0 96000
1695831956008 0.0 100000
1695832003305 0.0 104000
1695832050571 0.0 108000
1695832097783 0.0 112000
1695832145067 0.0 116000
1695832192805 0.0 120000
