1695827563273 0.001 4000
1695827606800 0.001 8000
1695827652241 0.001 12000
1695827698737 0.001 16000
1695827745633 0.001 20000
1695827792125 0.001 24000
1695827839360 0.001 28000
1695827886055 0.001 32000
1695827933232 0.001 36000
1695827979402 0.001 40000
1695828025314 0.001 44000
1695828072045 0.001 48000
1695828118493 0.001 52000
1695828164376 0.001 56000
1695828210942 0.001 60000
1695828257093 0.001 64000
1695828305596 0.001 68000
1695828352204 0.001 72000
1695828398044 0.001 76000
1695828445078 0.001 80000
1695828491486 0.001 84000
1695828538145 0.001 88000
1695828584208 0.001 92000
1695828632125 0.001 96000
1695828678828 0.001 100000
1695828725625 0.001 104000
1695828771528 0.001 108000
1695828818292 0.001 112000
1695828865451 0.001 116000
1695828911461 0.001 120000
1695828958101 0.001 124000
1695829004905 0.001 128000
1695829052287 0.001 132000
1695829099281 0.001 136000
1695829146394 0.001 140000
1695829193467 0.001 144000
1695829240000 0.001 148000
1695829287526 0.001 152000
1695829334902 0.001 156000
1695829383031 0.001 160000
1695829431250 0.001 164000
