1695832399280 4000.0 4000
1695832445022 8000.0 8000
1695832489631 12000.0 12000
1695832536927 16000.0 16000
1695832583909 20000.0 20000
1695832631005 24000.0 24000
1695832679513 28000.0 28000
1695832726565 32000.0 32000
1695832772795 36000.0 36000
1695832820077 40000.0 40000
1695832867829 44000.0 44000
1695832915182 48000.0 48000
1695832962230 52000.0 52000
1695833010548 56000.0 56000
1695833058428 60000.0 60000
1695833105395 64000.0 64000
1695833151667 68000.0 68000
1695833198053 72000.0 72000
1695833244537 76000.0 76000
1695833290643 80000.0 80000
1695833336884 84000.0 84000
1695833383429 88000.0 88000
1695833431315 92000.0 92000
1695833480089 96000.0 96000
1695833527592 100000.0 100000
1695833575303 104000.0 104000
1695833622041 108000.0 108000
1695833668657 112000.0 112000
1695833716552 116000.0 116000
1695833763187 120000.0 120000
1695833810046 124000.0 124000
1695833857736 128000.0 128000
1695833906475 132000.0 132000
1695833954104 136000.0 136000
1695834000628 140000.0 140000
1695834047800 144000.0 144000
1695834094407 148000.0 148000
1695834141887 152000.0 152000
1695834188735 156000.0 156000
1695834235393 160000.0 160000
1695834282285 164000.0 164000
