1695830818487 0.5 4000
1695830863014 0.5 8000
1695830907764 0.5 12000
1695830954325 0.5 16000
1695831002724 0.5 20000
1695831049839 0.5 24000
1695831097366 0.5 28000
1695831144843 0.5 32000
1695831191355 0.5 36000
1695831241049 0.5 40000
1695831287706 0.5 44000
1695831333966 0.5 48000
1695831380764 0.5 52000
1695831430632 0.5 56000
1695831477794 0.5 60000
1695831525956 0.5 64000
1695831573338 0.5 68000
1695831620580 0.5 72000
1695831668011 0.5 76000
1695831716092 0.5 80000
1695831763206 0.5 84000
1695831811322 0.5 88000
1695831859961 0.5 92000
1695831908423 0.5 96000
1695831956088 0.5 100000
1695832003385 0.5 104000
1695832050650 0.5 108000
1695832097869 0.5 112000
1695832145152 0.5 116000
1695832192883 0.5 120000
