1695830818487 0.01 4000
1695830863014 0.01 8000
1695830907764 0.01 12000
1695830954329 0.01 16000
1695831002724 0.01 20000
1695831049854 0.01 24000
1695831097369 0.01 28000
1695831144859 0.01 32000
1695831191355 0.01 36000
1695831241049 0.01 40000
1695831287713 0.01 44000
1695831333966 0.01 48000
1695831380764 0.01 52000
1695831430632 0.01 56000
1695831477794 0.01 60000
1695831525958 0.01 64000
1695831573341 0.01 68000
1695831620580 0.01 72000
1695831668012 0.01 76000
1695831716092 0.01 80000
1695831763206 0.01 84000
1695831811337 0.01 88000
1695831859964 0.01 92000
1695831908423 0.01 96000
1695831956088 0.01 100000
1695832003385 0.01 104000
1695832050650 0.01 108000
1695832097869 0.01 112000
1695832145153 0.01 116000
1695832192885 0.01 120000
