1695830818487 0.2 4000
1695830863014 0.2 8000
1695830907764 0.2 12000
1695830954326 0.2 16000
1695831002724 0.2 20000
1695831049839 0.2 24000
1695831097367 0.2 28000
1695831144843 0.2 32000
1695831191355 0.2 36000
1695831241049 0.2 40000
1695831287713 0.2 44000
1695831333966 0.2 48000
1695831380764 0.2 52000
1695831430632 0.2 56000
1695831477794 0.2 60000
1695831525957 0.2 64000
1695831573339 0.2 68000
1695831620580 0.2 72000
1695831668012 0.2 76000
1695831716092 0.2 80000
1695831763206 0.2 84000
1695831811322 0.2 88000
1695831859962 0.2 92000
1695831908423 0.2 96000
1695831956088 0.2 100000
1695832003385 0.2 104000
1695832050650 0.2 108000
1695832097869 0.2 112000
1695832145153 0.2 116000
1695832192883 0.2 120000
