1695830818502 0.85 4000
1695830863014 0.85 8000
1695830907781 0.85 12000
1695830954329 0.85 16000
1695831002740 0.85 20000
1695831049854 0.85 24000
1695831097375 0.85 28000
1695831144859 0.85 32000
1695831191355 0.85 36000
1695831241049 0.85 40000
1695831287722 0.85 44000
1695831333982 0.85 48000
1695831380780 0.85 52000
1695831430648 0.85 56000
1695831477794 0.85 60000
1695831525965 0.85 64000
1695831573348 0.85 68000
1695831620580 0.85 72000
1695831668012 0.85 76000
1695831716108 0.85 80000
1695831763221 0.85 84000
1695831811337 0.85 88000
1695831859971 0.85 92000
1695831908423 0.85 96000
1695831956104 0.85 100000
1695832003400 0.85 104000
1695832050667 0.85 108000
1695832097869 0.85 112000
1695832145153 0.85 116000
1695832192892 0.85 120000
