1695827606721 0.0 8000
1695827652176 0.0 12000
1695827698677 0.020665472204034977 16000
1695827745570 0.020665472204034977 20000
1695827792054 0.0189433495203654 24000
1695827839282 0.09504854679107666 28000
1695827885985 0.0887453556060791 32000
1695827933167 0.10139059137415003 36000
1695827979327 0.0883079344226468 40000
1695828025249 0.10662945834073154 44000
1695828071982 0.11622358012843777 48000
1695828118413 0.11817327765531319 52000
1695828164296 0.11046632476474928 56000
1695828210858 0.1127784068767841 60000
1695828257013 0.10860142884431062 64000
1695828305521 0.10111167513090989 68000
1695828352124 0.09613896979660284 72000
1695828397979 0.08885571450898141 76000
1695828445015 0.0837782451084682 80000
1695828491410 0.07924969131882126 84000
1695828538080 0.07616204100769836 88000
1695828584130 0.06899384891285616 92000
1695828632052 0.06740778342060659 96000
1695828678763 0.06664178588173607 100000
1695828725544 0.06173133850097656 104000
1695828771465 0.058644771575927734 108000
1695828818228 0.0642251968383789 112000
1695828865377 0.07158803939819336 116000
1695828911382 0.06366598606109619 120000
1695828958039 0.05483734607696533 124000
1695829004824 0.0402066707611084 128000
1695829052207 0.040259599685668945 132000
1695829099201 0.03244781494140625 136000
1695829146330 0.024617552757263184 140000
1695829193404 0.03254091739654541 144000
1695829239937 0.03254091739654541 148000
1695829287463 0.03254091739654541 152000
1695829334825 0.03554069995880127 156000
1695829382951 0.03654050827026367 160000
1695829431178 0.041689276695251465 164000
