1695832399477 0.9 4000
1695832445195 0.9 8000
1695832489838 0.9 12000
1695832537133 0.9 16000
1695832584115 0.9 20000
1695832631220 0.9 24000
1695832679720 0.9 28000
1695832726773 0.9 32000
1695832773010 0.9 36000
1695832820285 0.9 40000
1695832868053 0.9 44000
1695832915389 0.9 48000
1695832962452 0.9 52000
1695833010747 0.9 56000
1695833058682 0.9 60000
1695833105602 0.9 64000
1695833151857 0.9 68000
1695833198263 0.9 72000
1695833244741 0.9 76000
1695833290851 0.9 80000
1695833337090 0.9 84000
1695833383651 0.9 88000
1695833431525 0.9 92000
1695833480308 0.9 96000
1695833527799 0.9 100000
1695833575520 0.9 104000
1695833622251 0.9 108000
1695833668857 0.9 112000
1695833716752 0.9 116000
1695833763396 0.9 120000
1695833810243 0.9 124000
1695833857996 0.9 128000
1695833906680 0.9 132000
1695833954315 0.9 136000
1695834000833 0.9 140000
1695834048003 0.9 144000
1695834094606 0.9 148000
1695834142082 0.9 152000
1695834188931 0.9 156000
1695834235589 0.9 160000
1695834282490 0.9 164000
