1695832489711 0.1480468749999999 12000
1695832537021 0.6970625 16000
1695832584004 0.6970625 20000
1695832631100 0.6970625 24000
1695832679613 0.6970625 28000
1695832726646 0.6970625 32000
1695832772890 0.6970625 36000
1695832820177 0.81928125 40000
1695832867941 0.81928125 44000
1695832915278 0.81928125 48000
1695832962336 0.81928125 52000
1695833010640 0.81928125 56000
1695833058523 0.81928125 60000
1695833105475 0.81928125 64000
1695833151746 0.81928125 68000
1695833198151 0.81928125 72000
1695833244629 0.81928125 76000
1695833290754 0.81928125 80000
1695833336978 0.81928125 84000
1695833383524 0.81928125 88000
1695833431414 0.81928125 92000
1695833480189 0.81928125 96000
1695833527688 0.81928125 100000
1695833575398 0.81928125 104000
1695833622135 0.84834375 108000
1695833668749 0.84834375 112000
1695833716643 0.84834375 116000
1695833763279 0.84834375 120000
1695833810138 0.84834375 124000
1695833857831 0.84834375 128000
1695833906572 0.84834375 132000
1695833954197 0.84834375 136000
1695834000725 0.84834375 140000
1695834047890 0.84834375 144000
1695834094496 0.84834375 148000
1695834141977 0.84834375 152000
1695834188826 0.84834375 156000
1695834235485 0.84834375 160000
1695834282382 0.84834375 164000
