1695832489727 1.2200000000000044 12000
1695832537021 1.735283605000012 16000
1695832584004 1.735283605000012 20000
1695832631100 1.735283605000012 24000
1695832679613 1.861103033544067 28000
1695832726646 1.861103033544067 32000
1695832772890 1.8796932378161828 36000
1695832820177 1.9639346144425949 40000
1695832867941 1.9639346144425949 44000
1695832915278 1.9639346144425949 48000
1695832962338 1.9639346144425949 52000
1695833010641 1.9639346144425949 56000
1695833058523 1.9639346144425949 60000
1695833105491 1.9639346144425949 64000
1695833151746 1.9639346144425949 68000
1695833198151 1.9639346144425949 72000
1695833244637 1.9639346144425949 76000
1695833290754 1.9639346144425949 80000
1695833336978 1.9639346144425949 84000
1695833383524 1.9639346144425949 88000
1695833431415 1.9639346144425949 92000
1695833480189 1.9639346144425949 96000
1695833527688 1.9639346144425949 100000
1695833575399 1.9639346144425949 104000
1695833622136 1.9639346144425949 108000
1695833668750 1.9639346144425949 112000
1695833716644 1.9639346144425949 116000
1695833763280 1.9639346144425949 120000
1695833810139 1.9639346144425949 124000
1695833857832 1.9639346144425949 128000
1695833906573 1.9639346144425949 132000
1695833954198 1.9639346144425949 136000
1695834000727 1.9639346144425949 140000
1695834047891 1.9639346144425949 144000
1695834094497 1.9639346144425949 148000
1695834141978 1.9639346144425949 152000
1695834188827 1.9526932378161757 156000
1695834235486 1.9526932378161757 160000
1695834282383 1.9526932378161757 164000
