1695832399479 0.85 4000
1695832445196 0.85 8000
1695832489838 0.85 12000
1695832537133 0.85 16000
1695832584115 0.85 20000
1695832631220 0.85 24000
1695832679720 0.85 28000
1695832726773 0.85 32000
1695832773011 0.85 36000
1695832820285 0.85 40000
1695832868053 0.85 44000
1695832915389 0.85 48000
1695832962452 0.85 52000
1695833010748 0.85 56000
1695833058682 0.85 60000
1695833105602 0.85 64000
1695833151873 0.85 68000
1695833198263 0.85 72000
1695833244741 0.85 76000
1695833290851 0.85 80000
1695833337090 0.85 84000
1695833383651 0.85 88000
1695833431525 0.85 92000
1695833480308 0.85 96000
1695833527799 0.85 100000
1695833575521 0.85 104000
1695833622252 0.85 108000
1695833668858 0.85 112000
1695833716752 0.85 116000
1695833763397 0.85 120000
1695833810244 0.85 124000
1695833857997 0.85 128000
1695833906681 0.85 132000
1695833954316 0.85 136000
1695834000834 0.85 140000
1695834048004 0.85 144000
1695834094607 0.85 148000
1695834142083 0.85 152000
1695834188932 0.85 156000
1695834235590 0.85 160000
1695834282490 0.85 164000
