1695836266469 0.1768572191980613 16000
1695836314061 0.1768572191980613 20000
1695836360531 0.18338447865676152 24000
1695836417812 0.1771807612955273 28000
1695836468503 0.17835564137543808 32000
1695836516267 0.17889014319199295 36000
1695836562898 0.18006710178991592 40000
1695836609751 0.18102630989412594 44000
1695836657031 0.18089772235319274 48000
1695836704585 0.1820031670993129 52000
1695836751466 0.18300715432492495 56000
1695836798670 0.18389890185783703 60000
1695836846910 0.1838186488881443 64000
1695836894563 0.18330471807661766 68000
1695836941740 0.18342537993563465 72000
1695836989029 0.18342911928263955 76000
1695837035943 0.18457830818883006 80000
1695837083278 0.18472454057710136 84000
1695837129577 0.18484224861844367 88000
1695837177114 0.18527336993547283 92000
1695837225342 0.18515342831140394 96000
1695837272896 0.18505345822235258 100000
1695837319187 0.18557606895399892 104000
1695837365941 0.185706347303207 108000
1695837413457 0.18480724062042875 112000
1695837464321 0.18582224118868762 116000
1695837514502 0.18658487162326118 120000
1695837563321 0.18547059107786137 124000
1695837610520 0.18523787506188824 128000
1695837658233 0.18647113615665628 132000
1695837705948 0.18607275171868415 136000
1695837753438 0.18644653184725346 140000
1695837803621 0.18661890532571437 144000
1695837852010 0.18795489631276688 148000
1695837899778 0.18752406272320818 152000
1695837946950 0.18822843038745926 156000
1695837993861 0.18822508955779985 160000
1695838041413 0.18770377869507426 164000
1695838089493 0.18763012322303518 168000
1695838138571 0.18806527649318963 172000
1695838190412 0.18738217457464335 176000
