1695836266469 0.5747859288870283 16000
1695836314061 0.5747859288870283 20000
1695836360531 0.5722435727880498 24000
1695836417812 0.5807236780451313 28000
1695836468503 0.5817523172620473 32000
1695836516267 0.5813216398455241 36000
1695836562898 0.5847080145526619 40000
1695836609751 0.5849727434488968 44000
1695836657031 0.5848558472784963 48000
1695836704585 0.5853179456293189 52000
1695836751466 0.585198473311254 56000
1695836798668 0.5835749246969757 60000
1695836846908 0.5831843725142462 64000
1695836894561 0.5836406024425592 68000
1695836941740 0.5832256201015067 72000
1695836989012 0.5826173441565142 76000
1695837035943 0.5821011807982776 80000
1695837083278 0.5811657091028416 84000
1695837129577 0.5805098537801346 88000
1695837177114 0.5803302804691106 92000
1695837225341 0.5803018802432486 96000
1695837272896 0.5794673086290318 100000
1695837319187 0.5792306134590943 104000
1695837365926 0.5792556198449286 108000
1695837413457 0.5786539178897226 112000
1695837464321 0.5786450714775695 116000
1695837514502 0.578781537628865 120000
1695837563321 0.580208428037996 124000
1695837610520 0.5805809975396629 128000
1695837658233 0.579172333028686 132000
1695837705945 0.5790245128999443 136000
1695837753438 0.5789415726757257 140000
1695837803621 0.5781865402648318 144000
1695837852010 0.5773088132798887 148000
1695837899778 0.5769616314268716 152000
1695837946950 0.5758452593082931 156000
1695837993845 0.5757786436210208 160000
1695838041403 0.5748576131694868 164000
1695838089493 0.5746050006873106 168000
1695838138571 0.5745186626874966 172000
1695838190410 0.5742286233483024 176000
