1695836266469 3.8528505077516932 16000
1695836314061 3.8528505077516932 20000
1695836360531 3.8600839028721863 24000
1695836417812 3.9150745769382524 28000
1695836468503 3.9175062383207546 32000
1695836516267 3.9302952925535037 36000
1695836562898 3.9578696864949365 40000
1695836609751 3.957985617222151 44000
1695836657031 3.9654013478525107 48000
1695836704585 3.9744597444072562 52000
1695836751466 3.974334852867188 56000
1695836798669 3.974762668654896 60000
1695836846909 3.9814959808812636 64000
1695836894562 3.9830511664357986 68000
1695836941740 3.984841336670634 72000
1695836989028 3.981185672039097 76000
1695837035943 3.9845585847032288 80000
1695837083278 3.9861785627305544 84000
1695837129577 3.9861607512539874 88000
1695837177114 3.9871316100613887 92000
1695837225342 3.987360677797545 96000
1695837272896 3.985535866180794 100000
1695837319187 3.9862238562794325 104000
1695837365941 3.9876322286448254 108000
1695837413457 3.98546973271015 112000
1695837464321 3.989168051443138 116000
1695837514502 3.9899091598258623 120000
1695837563321 3.998925739772982 124000
1695837610520 4.000949232587596 128000
1695837658233 4.005097790688957 132000
1695837705945 4.01055709878112 136000
1695837753438 4.008756815633061 140000
1695837803621 4.007655158357842 144000
1695837852010 4.006183608493939 148000
1695837899778 4.005297137383087 152000
1695837946950 4.001642061412932 156000
1695837993845 4.00319050967108 160000
1695838041403 4.002488206870547 164000
1695838089493 3.9994420064854865 168000
1695838138571 4.000867472778115 172000
1695838190411 4.000772131991788 176000
