1695836266469 0.0 16000
1695836314061 0.0 20000
1695836360531 0.0 24000
1695836417812 0.0 28000
1695836468503 0.0 32000
1695836516282 0.0 36000
1695836562898 0.0 40000
1695836609751 0.0 44000
1695836657031 0.0 48000
1695836704585 0.0 52000
1695836751466 0.0 56000
1695836798671 0.0 60000
1695836846912 0.0 64000
1695836894565 0.0 68000
1695836941740 0.0 72000
1695836989029 0.0 76000
1695837035943 0.0 80000
1695837083278 0.0 84000
1695837129577 0.0 88000
1695837177114 0.0 92000
1695837225344 0.0 96000
1695837272896 0.0 100000
1695837319187 0.0 104000
1695837365941 0.0 108000
1695837413457 0.0 112000
1695837464321 0.0 116000
1695837514502 0.0 120000
1695837563321 0.0 124000
1695837610520 0.0 128000
1695837658233 0.0 132000
1695837705950 0.0 136000
1695837753438 0.0 140000
1695837803621 0.0 144000
1695837852010 0.0 148000
1695837899778 0.0 152000
1695837946950 0.0 156000
1695837993861 0.0 160000
1695838041413 0.0 164000
1695838089493 0.0 168000
1695838138580 0.0 172000
1695838190414 0.0 176000
