1695839581426 1.0 4000
1695839614076 1.0 8000
1695839646228 1.0 12000
1695839678140 1.0 16000
1695839711603 1.0 20000
1695839744898 1.0 24000
1695839779397 1.0 28000
1695839814039 1.0 32000
1695839850718 1.0 36000
1695839886555 1.0 40000
1695839924073 1.0 44000
1695839959787 1.0 48000
1695839995915 1.0 52000
1695840031134 1.0 56000
1695840065215 1.0 60000
1695840100440 1.0 64000
1695840134563 1.0 68000
1695840169111 1.0 72000
1695840204678 1.0 76000
1695840240108 1.0 80000
1695840276950 1.0 84000
1695840312995 1.0 88000
1695840348368 1.0 92000
1695840382545 1.0 96000
1695840416509 1.0 100000
1695840451465 1.0 104000
1695840486181 1.0 108000
1695840521199 1.0 112000
1695840555353 1.0 116000
1695840589307 1.0 120000
