1695827563072 162.876 4000
1695827606587 165.202 8000
1695827652050 162.493 12000
1695827698547 160.114 16000
1695827745439 158.877 20000
1695827791921 158.371 24000
1695827839155 157.553 28000
1695827885862 157.487 32000
1695827933041 157.149 36000
1695827979196 157.271 40000
1695828025090 156.857 44000
1695828071855 155.799 48000
1695828118302 155.772 52000
1695828164169 156.514 56000
1695828210746 156.91 60000
1695828256884 157.139 64000
1695828305402 156.54 68000
1695828351997 156.574 72000
1695828397852 156.828 76000
1695828444888 156.252 80000
1695828491286 156.153 84000
1695828537954 156.142 88000
1695828584002 156.31 92000
1695828631911 155.388 96000
1695828678621 155.389 100000
1695828725417 155.213 104000
1695828771337 156.268 108000
1695828818101 155.992 112000
1695828865250 155.759 116000
1695828911255 156.37 120000
1695828957911 156.44 124000
1695829004696 156.471 128000
1695829052095 155.846 132000
1695829099074 156.375 136000
1695829146203 156.114 140000
1695829193276 155.648 144000
1695829239809 155.597 148000
1695829287335 155.419 152000
1695829334683 155.452 156000
1695829382836 154.9 160000
1695829431055 154.437 164000
