1695827563072 24558.488 4000
1695827606587 24212.739 8000
1695827652050 24616.371 12000
1695827698547 24982.144 16000
1695827745439 25176.706 20000
1695827791921 25257.117 24000
1695827839155 25388.296 28000
1695827885862 25398.847 32000
1695827933041 25453.536 36000
1695827979196 25433.832 40000
1695828025090 25500.915 44000
1695828071855 25674.046 48000
1695828118302 25678.55 52000
1695828164169 25556.814 56000
1695828210733 25492.282 60000
1695828256883 25455.099 64000
1695828305401 25552.518 68000
1695828351997 25547.043 72000
1695828397852 25505.652 76000
1695828444888 25599.615 80000
1695828491285 25615.854 84000
1695828537954 25617.642 88000
1695828584002 25590.157 92000
1695828631911 25742.076 96000
1695828678621 25741.903 100000
1695828725417 25771.035 104000
1695828771337 25597.075 108000
1695828818101 25642.283 112000
1695828865250 25680.681 116000
1695828911255 25580.33 120000
1695828957911 25568.913 124000
1695829004696 25563.825 128000
1695829052095 25666.437 132000
1695829099059 25579.615 136000
1695829146203 25622.286 140000
1695829193276 25699.008 144000
1695829239809 25707.501 148000
1695829287335 25736.907 152000
1695829334683 25731.345 156000
1695829382836 25823.124 160000
1695829431054 25900.612 164000
