1695827563072 17172.449 4000
1695827606587 17884.306 8000
1695827652050 18108.399 12000
1695827698547 18389.613 16000
1695827745439 18627.129 20000
1695827791921 18778.346 24000
1695827839155 18909.026 28000
1695827885862 19022.399 32000
1695827933041 19115.856 36000
1695827979196 19133.172 40000
1695828025090 19338.227 44000
1695828071855 19451.526 48000
1695828118302 19555.281 52000
1695828164169 19598.389 56000
1695828210733 19618.901 60000
1695828256882 19606.262 64000
1695828305400 19603.304 68000
1695828351997 19606.924 72000
1695828397852 19520.678 76000
1695828444888 19511.121 80000
1695828491284 19498.96 84000
1695828537954 19473.051 88000
1695828584002 19447.533 92000
1695828631911 19486.649 96000
1695828678621 19501.39 100000
1695828725417 19525.347 104000
1695828771337 19456.834 108000
1695828818101 19411.249 112000
1695828865250 19481.869 116000
1695828911255 19499.839 120000
1695828957911 19564.443 124000
1695829004696 19552.925 128000
1695829052095 19548.388 132000
1695829099059 19508.226 136000
1695829146203 19504.027 140000
1695829193276 19464.452 144000
1695829239809 19521.302 148000
1695829287335 19520.872 152000
1695829334683 19548.291 156000
1695829382820 19627.46 160000
1695829431053 19614.855 164000
