1695827563072 53.973 4000
1695827606587 59.142 8000
1695827652050 59.406 12000
1695827698547 60.976 16000
1695827745439 61.366 20000
1695827791921 63.069 24000
1695827839155 60.814 28000
1695827885862 61.248 32000
1695827933041 61.218 36000
1695827979196 61.396 40000
1695828025090 62.528 44000
1695828071855 62.416 48000
1695828118302 62.674 52000
1695828164185 62.364 56000
1695828210746 62.377 60000
1695828256885 63.238 64000
1695828305403 63.199 68000
1695828351997 62.07 72000
1695828397852 62.303 76000
1695828444888 62.31 80000
1695828491287 60.507 84000
1695828537954 60.327 88000
1695828584002 60.373 92000
1695828631911 59.959 96000
1695828678621 59.86 100000
1695828725417 58.149 104000
1695828771337 59.788 108000
1695828818101 60.819 112000
1695828865250 60.799 116000
1695828911255 59.188 120000
1695828957911 60.782 124000
1695829004696 60.948 128000
1695829052095 59.466 132000
1695829099074 60.558 136000
1695829146203 60.61 140000
1695829193276 60.741 144000
1695829239809 60.672 148000
1695829287335 60.459 152000
1695829334683 60.549 156000
1695829382836 60.541 160000
1695829431056 61.323 164000
