1695827563072 41790.457 4000
1695827606587 42158.961 8000
1695827652050 42786.36 12000
1695827698547 43434.371 16000
1695827745439 43866.513 20000
1695827791921 44099.624 24000
1695827839155 44361.35 28000
1695827885862 44485.306 32000
1695827933041 44633.363 36000
1695827979196 44630.878 40000
1695828025090 44903.593 44000
1695828071855 45190.033 48000
1695828118302 45298.449 52000
1695828164169 45219.511 56000
1695828210733 45175.504 60000
1695828256881 45126.543 64000
1695828305399 45219.371 68000
1695828351997 45216.387 72000
1695828397852 45088.854 76000
1695828444888 45173.268 80000
1695828491283 45175.542 84000
1695828537954 45151.12 88000
1695828584002 45098.164 92000
1695828631911 45288.784 96000
1695828678621 45303.253 100000
1695828725417 45354.755 104000
1695828771337 45113.922 108000
1695828818101 45114.576 112000
1695828865250 45223.473 116000
1695828911255 45141.047 120000
1695828957911 45195.827 124000
1695829004696 45180.954 128000
1695829052095 45277.547 132000
1695829099059 45151.656 136000
1695829146203 45190.482 140000
1695829193276 45227.634 144000
1695829239809 45292.909 148000
1695829287335 45321.972 152000
1695829334683 45343.919 156000
1695829382820 45513.294 160000
1695829431053 45579.16 164000
