1695839581480 0.2 4000
1695839614123 0.2 8000
1695839646277 0.2 12000
1695839678187 0.2 16000
1695839711653 0.2 20000
1695839744945 0.2 24000
1695839779441 0.2 28000
1695839814087 0.2 32000
1695839850752 0.2 36000
1695839886610 0.2 40000
1695839924119 0.2 44000
1695839959831 0.2 48000
1695839995964 0.2 52000
1695840031182 0.2 56000
1695840065262 0.2 60000
1695840100489 0.2 64000
1695840134610 0.2 68000
1695840169157 0.2 72000
1695840204728 0.2 76000
1695840240155 0.2 80000
1695840276998 0.2 84000
1695840313042 0.2 88000
1695840348411 0.2 92000
1695840382591 0.2 96000
1695840416560 0.2 100000
1695840451514 0.2 104000
1695840486229 0.2 108000
1695840521247 0.2 112000
1695840555400 0.2 116000
1695840589354 0.2 120000
