1695839581484 0.001 4000
1695839614123 0.001 8000
1695839646277 0.001 12000
1695839678187 0.001 16000
1695839711653 0.001 20000
1695839744945 0.001 24000
1695839779441 0.001 28000
1695839814087 0.001 32000
1695839850752 0.001 36000
1695839886613 0.001 40000
1695839924122 0.001 44000
1695839959831 0.001 48000
1695839995964 0.001 52000
1695840031185 0.001 56000
1695840065262 0.001 60000
1695840100492 0.001 64000
1695840134610 0.001 68000
1695840169160 0.001 72000
1695840204744 0.001 76000
1695840240158 0.001 80000
1695840277008 0.001 84000
1695840313042 0.001 88000
1695840348411 0.001 92000
1695840382591 0.001 96000
1695840416560 0.001 100000
1695840451514 0.001 104000
1695840486229 0.001 108000
1695840521263 0.001 112000
1695840555400 0.001 116000
1695840589354 0.001 120000
