1695839581299 nan 4000
1695839613965 nan 8000
1695839646121 nan 12000
1695839677963 0.13799999999999968 16000
1695839711453 0.13799999999999968 20000
1695839744723 0.13799999999999968 24000
1695839779218 0.13799999999999968 28000
1695839813881 0.13799999999999968 32000
1695839850545 0.13799999999999968 36000
1695839886384 0.13799999999999968 40000
1695839923907 0.13799999999999968 44000
1695839959616 0.13799999999999968 48000
1695839995767 0.13799999999999968 52000
1695840030969 0.13799999999999968 56000
1695840065055 0.13799999999999968 60000
1695840100271 0.13799999999999968 64000
1695840134402 0.13799999999999968 68000
1695840168939 0.13799999999999968 72000
1695840204528 0.13799999999999968 76000
1695840239945 0.13799999999999968 80000
1695840276773 0.13799999999999968 84000
1695840312826 0.13799999999999968 88000
1695840348205 0.13799999999999968 92000
1695840382374 0.13799999999999968 96000
1695840416337 0.13799999999999968 100000
1695840451307 0.13799999999999968 104000
1695840486023 0.5529999999999996 108000
1695840521041 -0.14000000000000054 112000
1695840555193 -0.14000000000000054 116000
1695840589148 -0.14500000000000055 120000
