1695839581299 0.0 4000
1695839613965 0.0 8000
1695839646121 0.0 12000
1695839677963 10.0 16000
1695839711453 0.0 20000
1695839744723 2.0 24000
1695839779218 8.0 28000
1695839813881 0.0 32000
1695839850545 2.0 36000
1695839886387 8.0 40000
1695839923910 1.0 44000
1695839959616 3.0 48000
1695839995770 8.0 52000
1695840030972 2.0 56000
1695840065056 3.0 60000
1695840100274 6.0 64000
1695840134402 2.0 68000
1695840168942 3.0 72000
1695840204528 6.0 76000
1695840239948 6.0 80000
1695840276773 4.0 84000
1695840312826 5.0 88000
1695840348205 8.0 92000
1695840382377 6.0 96000
1695840416337 9.0 100000
1695840451307 6.0 104000
1695840486023 5.0 108000
1695840521057 7.0 112000
1695840555193 3.0 116000
1695840589148 10.0 120000
