1695839581299 nan 4000
1695839613965 nan 8000
1695839646121 nan 12000
1695839677963 0.9469793237815418 16000
1695839711453 0.9469793237815418 20000
1695839744723 1.1428821636205693 24000
1695839779218 1.2437614071797944 28000
1695839813881 1.2437614071797944 32000
1695839850545 1.2320913360725407 36000
1695839886385 1.251841308998544 40000
1695839923908 1.293352552417946 44000
1695839959616 1.3212022970761392 48000
1695839995768 1.372245608513845 52000
1695840030970 1.4175384865872571 56000
1695840065056 1.4637059441125087 60000
1695840100273 1.465785765327716 64000
1695840134402 1.4887758190942755 68000
1695840168940 1.520325817073451 72000
1695840204528 1.5676853721439001 76000
1695840239946 1.5961183304470081 80000
1695840276773 1.6334198432391343 84000
1695840312826 1.6651865202653258 88000
1695840348205 1.7066113805077578 92000
1695840382375 1.76225268863716 96000
1695840416337 1.8229327043360055 100000
1695840451307 1.9000365952204994 104000
1695840486023 1.9437218323986611 108000
1695840521041 1.9799940800042446 112000
1695840555193 2.0120069760105683 116000
1695840589148 2.0399549457096113 120000
