1695839581299 nan 4000
1695839613965 nan 8000
1695839646121 nan 12000
1695839677963 1280.0 16000
1695839711453 1280.0 20000
1695839744723 1215.8333333333333 24000
1695839779218 1241.5 28000
1695839813881 1241.5 32000
1695839850545 1222.0 36000
1695839886386 1237.4666666666667 40000
1695839923909 1209.8709677419354 44000
1695839959616 1203.235294117647 48000
1695839995769 1188.2380952380952 52000
1695840030971 1163.6818181818182 56000
1695840065056 1143.8297872340424 60000
1695840100273 1159.245283018868 64000
1695840134402 1143.3818181818183 68000
1695840168941 1130.0 72000
1695840204528 1100.890625 76000
1695840239947 1083.0857142857142 80000
1695840276773 1058.8918918918919 84000
1695840312826 1041.9240506329113 88000
1695840348205 1023.7241379310345 92000
1695840382376 978.8602150537635 96000
1695840416337 947.04 100000
1695840451307 896.29 104000
1695840486023 873.74 108000
1695840521057 835.31 112000
1695840555193 814.02 116000
1695840589148 767.18 120000
