1695839581284 nan 4000
1695839613965 nan 8000
1695839646121 nan 12000
1695839677963 1.6436932378152347 16000
1695839711453 1.6436932378152347 20000
1695839744723 2.2929276128161855 24000
1695839779218 2.2929276128161855 28000
1695839813881 2.2929276128161855 32000
1695839850545 2.2929276128161855 36000
1695839886383 2.2929276128161855 40000
1695839923906 2.5386898550000065 44000
1695839959616 2.5386898550000065 48000
1695839995766 2.5386898550000065 52000
1695840030968 2.5386898550000065 56000
1695840065055 2.675458862816177 60000
1695840100270 2.675458862816177 64000
1695840134402 2.675458862816177 68000
1695840168938 2.675458862816177 72000
1695840204528 2.675458862816177 76000
1695840239943 2.7980057378161742 80000
1695840276773 2.7980057378161742 84000
1695840312826 2.7980057378161742 88000
1695840348205 2.7980057378161742 92000
1695840382363 2.7980057378161742 96000
1695840416337 2.7980057378161742 100000
1695840451307 2.842568237816174 104000
1695840486023 2.842568237816174 108000
1695840521041 2.842568237816174 112000
1695840555193 2.842568237816174 116000
1695840589148 2.896536987816172 120000
