1695839581299 0.0 4000
1695839613965 0.0 8000
1695839646121 0.0 12000
1695839677963 0.0 16000
1695839711453 0.0 20000
1695839744723 0.0 24000
1695839779218 0.0 28000
1695839813881 0.0 32000
1695839850545 0.0 36000
1695839886388 0.0 40000
1695839923911 0.0 44000
1695839959616 0.0 48000
1695839995771 0.0 52000
1695840030973 0.0 56000
1695840065056 0.0 60000
1695840100275 0.0 64000
1695840134402 0.0 68000
1695840168943 0.0 72000
1695840204528 0.0 76000
1695840239949 0.0 80000
1695840276773 0.0 84000
1695840312826 0.0 88000
1695840348205 0.0 92000
1695840382378 0.0 96000
1695840416337 0.0 100000
1695840451307 0.0 104000
1695840486023 0.0 108000
1695840521057 0.0 112000
1695840555193 0.0 116000
1695840589148 0.0 120000
