1695827606571 0.8556562499999999 8000
1695827652034 0.8556562499999999 12000
1695827698531 0.46171072545454733 16000
1695827745423 0.46171072545454733 20000
1695827791906 0.448651498333335 24000
1695827839139 0.49037556089081075 28000
1695827885846 0.5284202542189189 32000
1695827933025 0.6610078093932986 36000
1695827979180 0.6042424082955844 40000
1695828025075 0.5803364898906668 44000
1695828071855 0.5883931730867081 48000
1695828118286 0.6255866283028922 52000
1695828164169 0.6666021540024504 56000
1695828210733 0.7076756237450982 60000
1695828256865 0.6867903575878722 64000
1695828305389 0.6985278044892677 68000
1695828351979 0.6910211520195528 72000
1695828397837 0.7135490795276391 76000
1695828444868 0.7158197944520052 80000
1695828491274 0.718019090706375 84000
1695828537938 0.7264459407731241 88000
1695828583985 0.7490034063548698 92000
1695828631895 0.7515643912662523 96000
1695828678604 0.7513193413654993 100000
1695828725402 0.7818857849547453 104000
1695828771337 0.8149598994133315 108000
1695828818086 0.8591475090478167 112000
1695828865234 0.8920915976759783 116000
1695828911250 0.9480828374323019 120000
1695828957895 0.9707616786386256 124000
1695829004680 1.0066864750240685 128000
1695829052080 1.0607032935599412 132000
1695829099059 1.0763936676453811 136000
1695829146203 1.1239068085298667 140000
1695829193259 1.1562502105725971 144000
1695829239809 1.1911899554507588 148000
1695829287319 1.2083473980726065 152000
1695829334683 1.2611879791845129 156000
1695829382820 1.3275084349634148 160000
1695829431043 1.3800033192925314 164000
