1695836125886 25447.452 4000
1695836171442 25204.608 8000
1695836218867 25425.752 12000
1695836266469 25568.191 16000
1695836314061 25657.047 20000
1695836360547 25654.039 24000
1695836417812 26529.444 28000
1695836468503 26486.842 32000
1695836516284 26467.172 36000
1695836562915 26400.988 40000
1695836609751 26428.811 44000
1695836657046 26509.857 48000
1695836704601 26533.454 52000
1695836751466 26511.485 56000
1695836798677 26501.643 60000
1695836846918 26643.224 64000
1695836894571 26079.485 68000
1695836941755 26030.462 72000
1695836989029 25979.958 76000
1695837035955 26006.967 80000
1695837083288 26031.091 84000
1695837129585 25992.568 88000
1695837177131 25972.718 92000
1695837225350 26029.002 96000
1695837272906 26028.353 100000
1695837319204 25865.984 104000
1695837365941 25843.15 108000
1695837413457 25912.224 112000
1695837464321 26132.647 116000
1695837514518 26261.633 120000
1695837563336 26358.721 124000
1695837610520 26427.877 128000
1695837658249 26473.418 132000
1695837705956 26468.506 136000
1695837753438 26510.173 140000
1695837803637 26636.149 144000
1695837852010 26702.012 148000
1695837899778 26665.824 152000
1695837946965 26451.893 156000
1695837993861 26292.789 160000
1695838041413 26197.628 164000
1695838089509 26248.281 168000
1695838138580 26344.731 172000
1695838190419 26707.658 176000
