1695836125887 157.187 4000
1695836171442 158.701 8000
1695836218868 157.321 12000
1695836266469 156.444 16000
1695836314061 155.903 20000
1695836360547 155.921 24000
1695836417812 150.776 28000
1695836468503 151.018 32000
1695836516284 151.131 36000
1695836562915 151.509 40000
1695836609751 151.35 44000
1695836657046 150.887 48000
1695836704601 150.753 52000
1695836751481 150.878 56000
1695836798678 150.934 60000
1695836846918 150.132 64000
1695836894572 153.377 68000
1695836941755 153.666 72000
1695836989029 153.965 76000
1695837035955 153.805 80000
1695837083288 153.662 84000
1695837129585 153.89 88000
1695837177131 154.008 92000
1695837225351 153.675 96000
1695837272906 153.679 100000
1695837319204 154.643 104000
1695837365941 154.78 108000
1695837413470 154.367 112000
1695837464321 153.065 116000
1695837514518 152.313 120000
1695837563336 151.752 124000
1695837610520 151.355 128000
1695837658249 151.095 132000
1695837705957 151.123 136000
1695837753438 150.885 140000
1695837803637 150.172 144000
1695837852010 149.801 148000
1695837899778 150.005 152000
1695837946965 151.218 156000
1695837993861 152.133 160000
1695838041413 152.686 164000
1695838089509 152.391 168000
1695838138580 151.833 172000
1695838190420 149.77 176000
