1695836125885 18154.008 4000
1695836171442 18610.739 8000
1695836218866 19081.854 12000
1695836266469 19428.819 16000
1695836314061 19576.31 20000
1695836360547 19593.604 24000
1695836417812 20081.882 28000
1695836468503 20448.762 32000
1695836516284 20413.217 36000
1695836562914 20324.805 40000
1695836609751 20490.53 44000
1695836657031 20579.661 48000
1695836704601 20546.576 52000
1695836751466 20447.628 56000
1695836798676 20395.413 60000
1695836846916 20401.902 64000
1695836894570 20100.052 68000
1695836941755 19798.962 72000
1695836989029 19763.737 76000
1695837035955 19752.446 80000
1695837083288 19763.297 84000
1695837129585 19714.43 88000
1695837177131 19762.403 92000
1695837225349 19820.988 96000
1695837272906 19865.112 100000
1695837319204 19833.04 104000
1695837365941 19772.905 108000
1695837413457 19720.135 112000
1695837464321 19853.402 116000
1695837514518 20006.363 120000
1695837563336 20046.224 124000
1695837610520 20061.187 128000
1695837658249 20000.437 132000
1695837705955 19987.687 136000
1695837753438 19942.77 140000
1695837803637 20159.081 144000
1695837852010 20223.776 148000
1695837899778 20207.482 152000
1695837946965 20064.225 156000
1695837993861 19934.759 160000
1695838041413 19884.049 164000
1695838089509 19915.387 168000
1695838138580 19954.713 172000
1695838190418 19996.02 176000
