1695836125889 58.867 4000
1695836171442 64.192 8000
1695836218869 63.299 12000
1695836266485 63.576 16000
1695836314061 63.511 20000
1695836360547 61.057 24000
1695836417812 61.461 28000
1695836468519 61.639 32000
1695836516284 61.724 36000
1695836562915 60.297 40000
1695836609766 60.806 44000
1695836657046 60.146 48000
1695836704601 60.443 52000
1695836751481 60.396 56000
1695836798679 61.109 60000
1695836846919 61.579 64000
1695836894574 61.261 68000
1695836941755 59.83 72000
1695836989029 59.964 76000
1695837035955 61.49 80000
1695837083288 61.484 84000
1695837129585 60.096 88000
1695837177131 59.877 92000
1695837225352 58.344 96000
1695837272908 57.787 100000
1695837319204 58.914 104000
1695837365941 59.274 108000
1695837413470 59.928 112000
1695837464321 58.422 116000
1695837514518 58.71 120000
1695837563336 58.572 124000
1695837610520 60.163 128000
1695837658249 60.365 132000
1695837705958 61.813 136000
1695837753438 61.64 140000
1695837803637 61.596 144000
1695837852010 59.913 148000
1695837899778 59.06 152000
1695837946965 58.923 156000
1695837993861 57.211 160000
1695838041413 55.651 164000
1695838089509 55.456 168000
1695838138580 55.443 172000
1695838190421 55.631 176000
