1695836125884 43661.327 4000
1695836171442 43880.574 8000
1695836218865 44571.928 12000
1695836266469 45061.353 16000
1695836314061 45297.482 20000
1695836360547 45311.835 24000
1695836417812 46675.472 28000
1695836468503 47001.548 32000
1695836516284 46945.939 36000
1695836562898 46789.533 40000
1695836609751 46983.491 44000
1695836657031 47152.901 48000
1695836704585 47143.61 52000
1695836751466 47022.646 56000
1695836798675 46961.404 60000
1695836846915 47108.371 64000
1695836894569 46242.462 68000
1695836941740 45889.356 72000
1695836989029 45803.76 76000
1695837035943 45821.004 80000
1695837083288 45855.973 84000
1695837129585 45767.195 88000
1695837177131 45795.099 92000
1695837225348 45908.434 96000
1695837272904 45951.252 100000
1695837319187 45757.938 104000
1695837365941 45675.328 108000
1695837413457 45692.287 112000
1695837464321 46046.034 116000
1695837514518 46328.369 120000
1695837563336 46465.181 124000
1695837610520 46550.891 128000
1695837658249 46535.884 132000
1695837705954 46519.67 136000
1695837753438 46516.246 140000
1695837803621 46858.489 144000
1695837852010 46987.365 148000
1695837899778 46935.596 152000
1695837946965 46576.708 156000
1695837993861 46286.325 160000
1695838041413 46138.893 164000
1695838089509 46220.69 168000
1695838138580 46356.453 172000
1695838190417 46760.97 176000
