1695836125968 0.0 4000
1695836171505 0.0 8000
1695836218945 0.0 12000
1695836266549 0.0 16000
1695836314125 0.0 20000
1695836360615 0.0 24000
1695836417907 0.0 28000
1695836468583 0.0 32000
1695836516347 0.0 36000
1695836562979 0.0 40000
1695836609831 0.0 44000
1695836657109 0.0 48000
1695836704665 0.0 52000
1695836751544 0.0 56000
1695836798741 0.0 60000
1695836846975 0.0 64000
1695836894636 0.0 68000
1695836941818 0.0 72000
1695836989100 0.0 76000
1695837036018 0.0 80000
1695837083350 0.0 84000
1695837129649 0.0 88000
1695837177194 0.0 92000
1695837225424 0.0 96000
1695837272978 0.0 100000
1695837319275 0.0 104000
1695837366005 0.0 108000
1695837413525 0.0 112000
1695837464401 0.0 116000
1695837514582 0.0 120000
1695837563410 0.0 124000
1695837610599 0.0 128000
1695837658318 0.0 132000
1695837706017 0.0 136000
1695837753501 0.0 140000
1695837803700 0.0 144000
1695837852074 0.0 148000
1695837899858 0.0 152000
1695837947028 0.0 156000
1695837993939 0.0 160000
1695838041477 0.0 164000
1695838089573 0.0 168000
1695838138644 0.0 172000
1695838190488 0.0 176000
