1695836125991 0.0 4000
1695836171525 0.0 8000
1695836218969 0.0 12000
1695836266565 0.0 16000
1695836314157 0.0 20000
1695836360629 0.0 24000
1695836417922 0.0 28000
1695836468599 0.0 32000
1695836516362 0.0 36000
1695836562994 0.0 40000
1695836609846 0.0 44000
1695836657128 0.0 48000
1695836704681 0.0 52000
1695836751565 0.0 56000
1695836798766 0.0 60000
1695836847006 0.0 64000
1695836894652 0.0 68000
1695836941835 0.0 72000
1695836989123 0.0 76000
1695837036043 0.0 80000
1695837083379 0.0 84000
1695837129677 0.0 88000
1695837177225 0.0 92000
1695837225447 0.0 96000
1695837273003 0.0 100000
1695837319290 0.0 104000
1695837366037 0.0 108000
1695837413559 0.0 112000
1695837464418 0.0 116000
1695837514597 0.0 120000
1695837563421 0.0 124000
1695837610615 0.0 128000
1695837658335 0.0 132000
1695837706046 0.0 136000
1695837753533 0.0 140000
1695837803732 0.0 144000
1695837852105 0.0 148000
1695837899873 0.0 152000
1695837947061 0.0 156000
1695837993957 0.0 160000
1695838041508 0.0 164000
1695838089589 0.0 168000
1695838138675 0.0 172000
1695838190511 0.0 176000
