1695836125905 20.0 4000
1695836171458 20.0 8000
1695836218883 20.0 12000
1695836266485 20.0 16000
1695836314076 20.0 20000
1695836360563 20.0 24000
1695836417828 20.0 28000
1695836468519 20.0 32000
1695836516298 20.0 36000
1695836562915 20.0 40000
1695836609780 20.0 44000
1695836657062 20.0 48000
1695836704617 20.0 52000
1695836751495 20.0 56000
1695836798692 20.0 60000
1695836846933 20.0 64000
1695836894574 20.0 68000
1695836941771 20.0 72000
1695836989045 20.0 76000
1695837035971 20.0 80000
1695837083304 20.0 84000
1695837129601 20.0 88000
1695837177147 20.0 92000
1695837225367 20.0 96000
1695837272923 20.0 100000
1695837319224 20.0 104000
1695837365957 20.0 108000
1695837413473 20.0 112000
1695837464337 20.0 116000
1695837514533 20.0 120000
1695837563352 20.0 124000
1695837610536 20.0 128000
1695837658265 20.0 132000
1695837705966 20.0 136000
1695837753454 20.0 140000
1695837803653 20.0 144000
1695837852027 20.0 148000
1695837899793 20.0 152000
1695837946981 20.0 156000
1695837993876 20.0 160000
1695838041428 20.0 164000
1695838089525 20.0 168000
1695838138597 20.0 172000
1695838190434 20.0 176000
