1695836125985 0.0 4000
1695836171525 0.0 8000
1695836218963 0.0 12000
1695836266565 0.0 16000
1695836314141 0.0 20000
1695836360629 0.0 24000
1695836417922 0.0 28000
1695836468599 0.0 32000
1695836516362 0.0 36000
1695836562994 0.0 40000
1695836609846 0.0 44000
1695836657128 0.0 48000
1695836704681 0.0 52000
1695836751565 0.0 56000
1695836798758 0.0 60000
1695836847000 0.0 64000
1695836894652 0.0 68000
1695836941835 0.0 72000
1695836989108 0.0 76000
1695837036033 0.0 80000
1695837083368 0.0 84000
1695837129665 0.0 88000
1695837177210 0.0 92000
1695837225433 0.0 96000
1695837272997 0.0 100000
1695837319275 0.0 104000
1695837366021 0.0 108000
1695837413542 0.0 112000
1695837464418 0.0 116000
1695837514597 0.0 120000
1695837563421 0.0 124000
1695837610605 0.0 128000
1695837658335 0.0 132000
1695837706030 0.0 136000
1695837753517 0.0 140000
1695837803716 0.0 144000
1695837852099 0.0 148000
1695837899873 0.0 152000
1695837947046 0.0 156000
1695837993957 0.0 160000
1695838041492 0.0 164000
1695838089589 0.0 168000
1695838138659 0.0 172000
1695838190504 0.0 176000
