1695836125924 0.99 4000
1695836171473 0.99 8000
1695836218902 0.99 12000
1695836266501 0.99 16000
1695836314094 0.99 20000
1695836360578 0.99 24000
1695836417860 0.99 28000
1695836468541 0.99 32000
1695836516316 0.99 36000
1695836562931 0.99 40000
1695836609782 0.99 44000
1695836657078 0.99 48000
1695836704617 0.99 52000
1695836751510 0.99 56000
1695836798707 0.99 60000
1695836846947 0.99 64000
1695836894589 0.99 68000
1695836941771 0.99 72000
1695836989060 0.99 76000
1695837035987 0.99 80000
1695837083319 0.99 84000
1695837129618 0.99 88000
1695837177162 0.99 92000
1695837225384 0.99 96000
1695837272939 0.99 100000
1695837319239 0.99 104000
1695837365974 0.99 108000
1695837413489 0.99 112000
1695837464353 0.99 116000
1695837514550 0.99 120000
1695837563369 0.99 124000
1695837610551 0.99 128000
1695837658280 0.99 132000
1695837705983 0.99 136000
1695837753470 0.99 140000
1695837803669 0.99 144000
1695837852042 0.99 148000
1695837899810 0.99 152000
1695837946997 0.99 156000
1695837993894 0.99 160000
1695838041445 0.99 164000
1695838089540 0.99 168000
1695838138612 0.99 172000
1695838190449 0.99 176000
