1695836125980 0.2 4000
1695836171520 0.2 8000
1695836218957 0.2 12000
1695836266549 0.2 16000
1695836314141 0.2 20000
1695836360629 0.2 24000
1695836417922 0.2 28000
1695836468583 0.2 32000
1695836516362 0.2 36000
1695836562979 0.2 40000
1695836609831 0.2 44000
1695836657126 0.2 48000
1695836704675 0.2 52000
1695836751560 0.2 56000
1695836798741 0.2 60000
1695836846993 0.2 64000
1695836894640 0.2 68000
1695836941834 0.2 72000
1695836989108 0.2 76000
1695837036033 0.2 80000
1695837083368 0.2 84000
1695837129665 0.2 88000
1695837177210 0.2 92000
1695837225433 0.2 96000
1695837272992 0.2 100000
1695837319275 0.2 104000
1695837366021 0.2 108000
1695837413542 0.2 112000
1695837464401 0.2 116000
1695837514597 0.2 120000
1695837563420 0.2 124000
1695837610605 0.2 128000
1695837658318 0.2 132000
1695837706030 0.2 136000
1695837753517 0.2 140000
1695837803716 0.2 144000
1695837852089 0.2 148000
1695837899858 0.2 152000
1695837947046 0.2 156000
1695837993939 0.2 160000
1695838041492 0.2 164000
1695838089589 0.2 168000
1695838138659 0.2 172000
1695838190500 0.2 176000
