1695836125988 0.01 4000
1695836171525 0.01 8000
1695836218966 0.01 12000
1695836266565 0.01 16000
1695836314141 0.01 20000
1695836360629 0.01 24000
1695836417922 0.01 28000
1695836468599 0.01 32000
1695836516362 0.01 36000
1695836562994 0.01 40000
1695836609846 0.01 44000
1695836657128 0.01 48000
1695836704681 0.01 52000
1695836751565 0.01 56000
1695836798758 0.01 60000
1695836847003 0.01 64000
1695836894652 0.01 68000
1695836941835 0.01 72000
1695836989123 0.01 76000
1695837036043 0.01 80000
1695837083379 0.01 84000
1695837129677 0.01 88000
1695837177210 0.01 92000
1695837225433 0.01 96000
1695837273000 0.01 100000
1695837319290 0.01 104000
1695837366037 0.01 108000
1695837413557 0.01 112000
1695837464418 0.01 116000
1695837514597 0.01 120000
1695837563421 0.01 124000
1695837610615 0.01 128000
1695837658335 0.01 132000
1695837706030 0.01 136000
1695837753533 0.01 140000
1695837803716 0.01 144000
1695837852099 0.01 148000
1695837899873 0.01 152000
1695837947046 0.01 156000
1695837993957 0.01 160000
1695838041503 0.01 164000
1695838089589 0.01 168000
1695838138671 0.01 172000
1695838190507 0.01 176000
