1695836125955 1.0 4000
1695836171489 1.0 8000
1695836218933 1.0 12000
1695836266534 1.0 16000
1695836314125 1.0 20000
1695836360595 1.0 24000
1695836417891 1.0 28000
1695836468567 1.0 32000
1695836516331 1.0 36000
1695836562962 1.0 40000
1695836609815 1.0 44000
1695836657093 1.0 48000
1695836704649 1.0 52000
1695836751529 1.0 56000
1695836798726 1.0 60000
1695836846973 1.0 64000
1695836894620 1.0 68000
1695836941802 1.0 72000
1695836989092 1.0 76000
1695837036002 1.0 80000
1695837083350 1.0 84000
1695837129633 1.0 88000
1695837177183 1.0 92000
1695837225412 1.0 96000
1695837272966 1.0 100000
1695837319259 1.0 104000
1695837366005 1.0 108000
1695837413525 1.0 112000
1695837464385 1.0 116000
1695837514566 1.0 120000
1695837563399 1.0 124000
1695837610583 1.0 128000
1695837658302 1.0 132000
1695837706014 1.0 136000
1695837753501 1.0 140000
1695837803685 1.0 144000
1695837852074 1.0 148000
1695837899847 1.0 152000
1695837947028 1.0 156000
1695837993924 1.0 160000
1695838041461 1.0 164000
1695838089556 1.0 168000
1695838138628 1.0 172000
1695838190476 1.0 176000
