1695836125925 5e-05 4000
1695836171473 5e-05 8000
1695836218903 5e-05 12000
1695836266501 5e-05 16000
1695836314094 5e-05 20000
1695836360578 5e-05 24000
1695836417860 5e-05 28000
1695836468541 5e-05 32000
1695836516316 5e-05 36000
1695836562947 5e-05 40000
1695836609782 5e-05 44000
1695836657078 5e-05 48000
1695836704632 5e-05 52000
1695836751511 5e-05 56000
1695836798708 5e-05 60000
1695836846948 5e-05 64000
1695836894589 5e-05 68000
1695836941787 5e-05 72000
1695836989060 5e-05 76000
1695837035987 5e-05 80000
1695837083319 5e-05 84000
1695837129618 5e-05 88000
1695837177162 5e-05 92000
1695837225385 5e-05 96000
1695837272940 5e-05 100000
1695837319240 5e-05 104000
1695837365974 5e-05 108000
1695837413489 5e-05 112000
1695837464353 5e-05 116000
1695837514550 5e-05 120000
1695837563369 5e-05 124000
1695837610551 5e-05 128000
1695837658280 5e-05 132000
1695837705983 5e-05 136000
1695837753470 5e-05 140000
1695837803669 5e-05 144000
1695837852042 5e-05 148000
1695837899810 5e-05 152000
1695837946997 5e-05 156000
1695837993894 5e-05 160000
1695838041445 5e-05 164000
1695838089540 5e-05 168000
1695838138612 5e-05 172000
1695838190450 5e-05 176000
