1695836125927 2.0 4000
1695836171473 2.0 8000
1695836218905 2.0 12000
1695836266516 2.0 16000
1695836314094 2.0 20000
1695836360578 2.0 24000
1695836417860 2.0 28000
1695836468541 2.0 32000
1695836516316 2.0 36000
1695836562947 2.0 40000
1695836609798 2.0 44000
1695836657078 2.0 48000
1695836704632 2.0 52000
1695836751515 2.0 56000
1695836798710 2.0 60000
1695836846949 2.0 64000
1695836894589 2.0 68000
1695836941787 2.0 72000
1695836989060 2.0 76000
1695837035987 2.0 80000
1695837083319 2.0 84000
1695837129618 2.0 88000
1695837177162 2.0 92000
1695837225386 2.0 96000
1695837272942 2.0 100000
1695837319241 2.0 104000
1695837365984 2.0 108000
1695837413489 2.0 112000
1695837464353 2.0 116000
1695837514550 2.0 120000
1695837563369 2.0 124000
1695837610551 2.0 128000
1695837658280 2.0 132000
1695837705983 2.0 136000
1695837753470 2.0 140000
1695837803669 2.0 144000
1695837852042 2.0 148000
1695837899810 2.0 152000
1695837946997 2.0 156000
1695837993894 2.0 160000
1695838041445 2.0 164000
1695838089540 2.0 168000
1695838138612 2.0 172000
1695838190452 2.0 176000
