1695836125960 1000.0 4000
1695836171505 1000.0 8000
1695836218938 1000.0 12000
1695836266534 1000.0 16000
1695836314125 1000.0 20000
1695836360612 1000.0 24000
1695836417891 1000.0 28000
1695836468567 1000.0 32000
1695836516347 1000.0 36000
1695836562962 1000.0 40000
1695836609815 1000.0 44000
1695836657109 1000.0 48000
1695836704649 1000.0 52000
1695836751544 1000.0 56000
1695836798726 1000.0 60000
1695836846975 1000.0 64000
1695836894620 1000.0 68000
1695836941802 1000.0 72000
1695836989092 1000.0 76000
1695837036018 1000.0 80000
1695837083350 1000.0 84000
1695837129649 1000.0 88000
1695837177194 1000.0 92000
1695837225417 1000.0 96000
1695837272971 1000.0 100000
1695837319259 1000.0 104000
1695837366005 1000.0 108000
1695837413525 1000.0 112000
1695837464385 1000.0 116000
1695837514582 1000.0 120000
1695837563404 1000.0 124000
1695837610583 1000.0 128000
1695837658312 1000.0 132000
1695837706017 1000.0 136000
1695837753501 1000.0 140000
1695837803700 1000.0 144000
1695837852074 1000.0 148000
1695837899847 1000.0 152000
1695837947028 1000.0 156000
1695837993924 1000.0 160000
1695838041477 1000.0 164000
1695838089573 1000.0 168000
1695838138644 1000.0 172000
1695838190481 1000.0 176000
