1695836125950 100.0 4000
1695836171489 100.0 8000
1695836218927 100.0 12000
1695836266534 100.0 16000
1695836314109 100.0 20000
1695836360595 100.0 24000
1695836417891 100.0 28000
1695836468567 100.0 32000
1695836516331 100.0 36000
1695836562962 100.0 40000
1695836609815 100.0 44000
1695836657093 100.0 48000
1695836704649 100.0 52000
1695836751529 100.0 56000
1695836798726 100.0 60000
1695836846969 100.0 64000
1695836894620 100.0 68000
1695836941802 100.0 72000
1695836989076 100.0 76000
1695837036002 100.0 80000
1695837083335 100.0 84000
1695837129633 100.0 88000
1695837177183 100.0 92000
1695837225407 100.0 96000
1695837272961 100.0 100000
1695837319259 100.0 104000
1695837365990 100.0 108000
1695837413523 100.0 112000
1695837464385 100.0 116000
1695837514566 100.0 120000
1695837563395 100.0 124000
1695837610583 100.0 128000
1695837658302 100.0 132000
1695837705999 100.0 136000
1695837753485 100.0 140000
1695837803685 100.0 144000
1695837852058 100.0 148000
1695837899842 100.0 152000
1695837947013 100.0 156000
1695837993924 100.0 160000
1695838041461 100.0 164000
1695838089556 100.0 168000
1695838138628 100.0 172000
1695838190471 100.0 176000
