1695836125951 0.0 4000
1695836171489 0.0 8000
1695836218928 0.0 12000
1695836266534 0.0 16000
1695836314109 0.0 20000
1695836360595 0.0 24000
1695836417891 0.0 28000
1695836468567 0.0 32000
1695836516331 0.0 36000
1695836562962 0.0 40000
1695836609815 0.0 44000
1695836657093 0.0 48000
1695836704649 0.0 52000
1695836751529 0.0 56000
1695836798726 0.0 60000
1695836846970 0.0 64000
1695836894620 0.0 68000
1695836941802 0.0 72000
1695836989076 0.0 76000
1695837036002 0.0 80000
1695837083335 0.0 84000
1695837129633 0.0 88000
1695837177183 0.0 92000
1695837225408 0.0 96000
1695837272962 0.0 100000
1695837319259 0.0 104000
1695837365990 0.0 108000
1695837413524 0.0 112000
1695837464385 0.0 116000
1695837514566 0.0 120000
1695837563396 0.0 124000
1695837610583 0.0 128000
1695837658302 0.0 132000
1695837705999 0.0 136000
1695837753485 0.0 140000
1695837803685 0.0 144000
1695837852058 0.0 148000
1695837899842 0.0 152000
1695837947013 0.0 156000
1695837993924 0.0 160000
1695838041461 0.0 164000
1695838089556 0.0 168000
1695838138628 0.0 172000
1695838190472 0.0 176000
