1695836125907 1.0 4000
1695836171458 1.0 8000
1695836218886 1.0 12000
1695836266501 1.0 16000
1695836314076 1.0 20000
1695836360563 1.0 24000
1695836417828 1.0 28000
1695836468519 1.0 32000
1695836516298 1.0 36000
1695836562931 1.0 40000
1695836609780 1.0 44000
1695836657062 1.0 48000
1695836704617 1.0 52000
1695836751497 1.0 56000
1695836798694 1.0 60000
1695836846934 1.0 64000
1695836894574 1.0 68000
1695836941771 1.0 72000
1695836989045 1.0 76000
1695837035971 1.0 80000
1695837083304 1.0 84000
1695837129601 1.0 88000
1695837177147 1.0 92000
1695837225369 1.0 96000
1695837272925 1.0 100000
1695837319226 1.0 104000
1695837365957 1.0 108000
1695837413473 1.0 112000
1695837464337 1.0 116000
1695837514533 1.0 120000
1695837563352 1.0 124000
1695837610536 1.0 128000
1695837658265 1.0 132000
1695837705966 1.0 136000
1695837753454 1.0 140000
1695837803658 1.0 144000
1695837852027 1.0 148000
1695837899793 1.0 152000
1695837946981 1.0 156000
1695837993876 1.0 160000
1695838041428 1.0 164000
1695838089525 1.0 168000
1695838138597 1.0 172000
1695838190436 1.0 176000
