1695836125993 10.0 4000
1695836171525 10.0 8000
1695836218971 10.0 12000
1695836266565 10.0 16000
1695836314157 10.0 20000
1695836360629 10.0 24000
1695836417938 10.0 28000
1695836468599 10.0 32000
1695836516362 10.0 36000
1695836562994 10.0 40000
1695836609846 10.0 44000
1695836657128 10.0 48000
1695836704681 10.0 52000
1695836751565 10.0 56000
1695836798768 10.0 60000
1695836847009 10.0 64000
1695836894652 10.0 68000
1695836941835 10.0 72000
1695836989123 10.0 76000
1695837036043 10.0 80000
1695837083383 10.0 84000
1695837129681 10.0 88000
1695837177225 10.0 92000
1695837225449 10.0 96000
1695837273005 10.0 100000
1695837319290 10.0 104000
1695837366037 10.0 108000
1695837413559 10.0 112000
1695837464418 10.0 116000
1695837514613 10.0 120000
1695837563421 10.0 124000
1695837610615 10.0 128000
1695837658335 10.0 132000
1695837706046 10.0 136000
1695837753533 10.0 140000
1695837803733 10.0 144000
1695837852105 10.0 148000
1695837899873 10.0 152000
1695837947062 10.0 156000
1695837993957 10.0 160000
1695838041508 10.0 164000
1695838089605 10.0 168000
1695838138675 10.0 172000
1695838190513 10.0 176000
