1695836125896 1.0 4000
1695836171442 1.0 8000
1695836218875 1.0 12000
1695836266485 1.0 16000
1695836314076 1.0 20000
1695836360547 1.0 24000
1695836417828 1.0 28000
1695836468519 1.0 32000
1695836516284 1.0 36000
1695836562915 1.0 40000
1695836609766 1.0 44000
1695836657046 1.0 48000
1695836704601 1.0 52000
1695836751481 1.0 56000
1695836798684 1.0 60000
1695836846925 1.0 64000
1695836894574 1.0 68000
1695836941759 1.0 72000
1695836989029 1.0 76000
1695837035955 1.0 80000
1695837083288 1.0 84000
1695837129585 1.0 88000
1695837177131 1.0 92000
1695837225357 1.0 96000
1695837272913 1.0 100000
1695837319204 1.0 104000
1695837365957 1.0 108000
1695837413473 1.0 112000
1695837464337 1.0 116000
1695837514518 1.0 120000
1695837563336 1.0 124000
1695837610536 1.0 128000
1695837658249 1.0 132000
1695837705963 1.0 136000
1695837753454 1.0 140000
1695837803637 1.0 144000
1695837852026 1.0 148000
1695837899793 1.0 152000
1695837946965 1.0 156000
1695837993876 1.0 160000
1695838041413 1.0 164000
1695838089509 1.0 168000
1695838138580 1.0 172000
1695838190427 1.0 176000
