1695836125982 30.0 4000
1695836171520 30.0 8000
1695836218959 30.0 12000
1695836266562 30.0 16000
1695836314141 30.0 20000
1695836360629 30.0 24000
1695836417922 30.0 28000
1695836468583 30.0 32000
1695836516362 30.0 36000
1695836562994 30.0 40000
1695836609846 30.0 44000
1695836657128 30.0 48000
1695836704681 30.0 52000
1695836751563 30.0 56000
1695836798758 30.0 60000
1695836846993 30.0 64000
1695836894640 30.0 68000
1695836941835 30.0 72000
1695836989108 30.0 76000
1695837036033 30.0 80000
1695837083368 30.0 84000
1695837129665 30.0 88000
1695837177210 30.0 92000
1695837225433 30.0 96000
1695837272994 30.0 100000
1695837319275 30.0 104000
1695837366021 30.0 108000
1695837413542 30.0 112000
1695837464401 30.0 116000
1695837514597 30.0 120000
1695837563421 30.0 124000
1695837610605 30.0 128000
1695837658318 30.0 132000
1695837706030 30.0 136000
1695837753517 30.0 140000
1695837803716 30.0 144000
1695837852089 30.0 148000
1695837899873 30.0 152000
1695837947046 30.0 156000
1695837993957 30.0 160000
1695838041492 30.0 164000
1695838089589 30.0 168000
1695838138659 30.0 172000
1695838190502 30.0 176000
