1695836125964 100.0 4000
1695836171505 100.0 8000
1695836218941 100.0 12000
1695836266534 100.0 16000
1695836314125 100.0 20000
1695836360615 100.0 24000
1695836417891 100.0 28000
1695836468567 100.0 32000
1695836516347 100.0 36000
1695836562979 100.0 40000
1695836609831 100.0 44000
1695836657109 100.0 48000
1695836704665 100.0 52000
1695836751544 100.0 56000
1695836798741 100.0 60000
1695836846975 100.0 64000
1695836894620 100.0 68000
1695836941818 100.0 72000
1695836989100 100.0 76000
1695837036018 100.0 80000
1695837083350 100.0 84000
1695837129649 100.0 88000
1695837177194 100.0 92000
1695837225420 100.0 96000
1695837272974 100.0 100000
1695837319259 100.0 104000
1695837366005 100.0 108000
1695837413525 100.0 112000
1695837464385 100.0 116000
1695837514582 100.0 120000
1695837563406 100.0 124000
1695837610583 100.0 128000
1695837658316 100.0 132000
1695837706017 100.0 136000
1695837753501 100.0 140000
1695837803700 100.0 144000
1695837852074 100.0 148000
1695837899858 100.0 152000
1695837947028 100.0 156000
1695837993939 100.0 160000
1695838041477 100.0 164000
1695838089573 100.0 168000
1695838138644 100.0 172000
1695838190484 100.0 176000
