1695836125940 1.0 4000
1695836171473 1.0 8000
1695836218917 1.0 12000
1695836266516 1.0 16000
1695836314109 1.0 20000
1695836360594 1.0 24000
1695836417876 1.0 28000
1695836468550 1.0 32000
1695836516331 1.0 36000
1695836562947 1.0 40000
1695836609799 1.0 44000
1695836657078 1.0 48000
1695836704632 1.0 52000
1695836751527 1.0 56000
1695836798710 1.0 60000
1695836846961 1.0 64000
1695836894605 1.0 68000
1695836941787 1.0 72000
1695836989076 1.0 76000
1695837036002 1.0 80000
1695837083335 1.0 84000
1695837129618 1.0 88000
1695837177178 1.0 92000
1695837225399 1.0 96000
1695837272954 1.0 100000
1695837319244 1.0 104000
1695837365990 1.0 108000
1695837413508 1.0 112000
1695837464368 1.0 116000
1695837514566 1.0 120000
1695837563387 1.0 124000
1695837610567 1.0 128000
1695837658296 1.0 132000
1695837705999 1.0 136000
1695837753485 1.0 140000
1695837803685 1.0 144000
1695837852058 1.0 148000
1695837899826 1.0 152000
1695837947013 1.0 156000
1695837993908 1.0 160000
1695838041461 1.0 164000
1695838089556 1.0 168000
1695838138628 1.0 172000
1695838190464 1.0 176000
