1695836125935 67108864.0 4000
1695836171473 67108864.0 8000
1695836218912 67108864.0 12000
1695836266516 67108864.0 16000
1695836314109 67108864.0 20000
1695836360578 67108864.0 24000
1695836417860 67108864.0 28000
1695836468550 67108864.0 32000
1695836516316 67108864.0 36000
1695836562947 67108864.0 40000
1695836609799 67108864.0 44000
1695836657078 67108864.0 48000
1695836704632 67108864.0 52000
1695836751522 67108864.0 56000
1695836798710 67108864.0 60000
1695836846956 67108864.0 64000
1695836894605 67108864.0 68000
1695836941787 67108864.0 72000
1695836989076 67108864.0 76000
1695837035987 67108864.0 80000
1695837083319 67108864.0 84000
1695837129618 67108864.0 88000
1695837177162 67108864.0 92000
1695837225394 67108864.0 96000
1695837272949 67108864.0 100000
1695837319244 67108864.0 104000
1695837365990 67108864.0 108000
1695837413508 67108864.0 112000
1695837464368 67108864.0 116000
1695837514560 67108864.0 120000
1695837563369 67108864.0 124000
1695837610567 67108864.0 128000
1695837658280 67108864.0 132000
1695837705983 67108864.0 136000
1695837753485 67108864.0 140000
1695837803669 67108864.0 144000
1695837852042 67108864.0 148000
1695837899826 67108864.0 152000
1695837946997 67108864.0 156000
1695837993908 67108864.0 160000
1695838041445 67108864.0 164000
1695838089540 67108864.0 168000
1695838138612 67108864.0 172000
1695838190459 67108864.0 176000
