1695836125932 0.0 4000
1695836171473 0.0 8000
1695836218910 0.0 12000
1695836266516 0.0 16000
1695836314094 0.0 20000
1695836360578 0.0 24000
1695836417860 0.0 28000
1695836468550 0.0 32000
1695836516316 0.0 36000
1695836562947 0.0 40000
1695836609799 0.0 44000
1695836657078 0.0 48000
1695836704632 0.0 52000
1695836751520 0.0 56000
1695836798710 0.0 60000
1695836846954 0.0 64000
1695836894605 0.0 68000
1695836941787 0.0 72000
1695836989060 0.0 76000
1695837035987 0.0 80000
1695837083319 0.0 84000
1695837129618 0.0 88000
1695837177162 0.0 92000
1695837225393 0.0 96000
1695837272947 0.0 100000
1695837319244 0.0 104000
1695837365984 0.0 108000
1695837413508 0.0 112000
1695837464368 0.0 116000
1695837514560 0.0 120000
1695837563369 0.0 124000
1695837610567 0.0 128000
1695837658280 0.0 132000
1695837705983 0.0 136000
1695837753485 0.0 140000
1695837803669 0.0 144000
1695837852042 0.0 148000
1695837899826 0.0 152000
1695837946997 0.0 156000
1695837993908 0.0 160000
1695838041445 0.0 164000
1695838089540 0.0 168000
1695838138612 0.0 172000
1695838190457 0.0 176000
