1695836125918 0.0 4000
1695836171458 0.0 8000
1695836218895 0.0 12000
1695836266501 0.0 16000
1695836314094 0.0 20000
1695836360563 0.0 24000
1695836417844 0.0 28000
1695836468541 0.0 32000
1695836516298 0.0 36000
1695836562931 0.0 40000
1695836609782 0.0 44000
1695836657062 0.0 48000
1695836704617 0.0 52000
1695836751506 0.0 56000
1695836798702 0.0 60000
1695836846942 0.0 64000
1695836894589 0.0 68000
1695836941771 0.0 72000
1695836989060 0.0 76000
1695837035971 0.0 80000
1695837083319 0.0 84000
1695837129601 0.0 88000
1695837177147 0.0 92000
1695837225378 0.0 96000
1695837272935 0.0 100000
1695837319234 0.0 104000
1695837365974 0.0 108000
1695837413489 0.0 112000
1695837464353 0.0 116000
1695837514533 0.0 120000
1695837563352 0.0 124000
1695837610551 0.0 128000
1695837658265 0.0 132000
1695837705983 0.0 136000
1695837753470 0.0 140000
1695837803658 0.0 144000
1695837852042 0.0 148000
1695837899810 0.0 152000
1695837946989 0.0 156000
1695837993894 0.0 160000
1695838041445 0.0 164000
1695838089525 0.0 168000
1695838138597 0.0 172000
1695838190445 0.0 176000
