1695836125963 0.0 4000
1695836171505 0.0 8000
1695836218940 0.0 12000
1695836266534 0.0 16000
1695836314125 0.0 20000
1695836360615 0.0 24000
1695836417891 0.0 28000
1695836468567 0.0 32000
1695836516347 0.0 36000
1695836562978 0.0 40000
1695836609815 0.0 44000
1695836657109 0.0 48000
1695836704665 0.0 52000
1695836751544 0.0 56000
1695836798726 0.0 60000
1695836846975 0.0 64000
1695836894620 0.0 68000
1695836941818 0.0 72000
1695836989100 0.0 76000
1695837036018 0.0 80000
1695837083350 0.0 84000
1695837129649 0.0 88000
1695837177194 0.0 92000
1695837225419 0.0 96000
1695837272973 0.0 100000
1695837319259 0.0 104000
1695837366005 0.0 108000
1695837413525 0.0 112000
1695837464385 0.0 116000
1695837514582 0.0 120000
1695837563405 0.0 124000
1695837610583 0.0 128000
1695837658312 0.0 132000
1695837706017 0.0 136000
1695837753501 0.0 140000
1695837803700 0.0 144000
1695837852074 0.0 148000
1695837899847 0.0 152000
1695837947028 0.0 156000
1695837993939 0.0 160000
1695838041477 0.0 164000
1695838089573 0.0 168000
1695838138644 0.0 172000
1695838190483 0.0 176000
