1695836125957 0.0 4000
1695836171489 0.0 8000
1695836218935 0.0 12000
1695836266534 0.0 16000
1695836314125 0.0 20000
1695836360595 0.0 24000
1695836417891 0.0 28000
1695836468567 0.0 32000
1695836516331 0.0 36000
1695836562962 0.0 40000
1695836609815 0.0 44000
1695836657093 0.0 48000
1695836704649 0.0 52000
1695836751529 0.0 56000
1695836798726 0.0 60000
1695836846975 0.0 64000
1695836894620 0.0 68000
1695836941802 0.0 72000
1695836989092 0.0 76000
1695837036002 0.0 80000
1695837083350 0.0 84000
1695837129649 0.0 88000
1695837177194 0.0 92000
1695837225414 0.0 96000
1695837272968 0.0 100000
1695837319259 0.0 104000
1695837366005 0.0 108000
1695837413525 0.0 112000
1695837464385 0.0 116000
1695837514566 0.0 120000
1695837563401 0.0 124000
1695837610583 0.0 128000
1695837658302 0.0 132000
1695837706016 0.0 136000
1695837753501 0.0 140000
1695837803700 0.0 144000
1695837852074 0.0 148000
1695837899847 0.0 152000
1695837947028 0.0 156000
1695837993924 0.0 160000
1695838041477 0.0 164000
1695838089573 0.0 168000
1695838138644 0.0 172000
1695838190478 0.0 176000
