1695836125981 128.0 4000
1695836171520 128.0 8000
1695836218958 128.0 12000
1695836266562 128.0 16000
1695836314141 128.0 20000
1695836360629 128.0 24000
1695836417922 128.0 28000
1695836468583 128.0 32000
1695836516362 128.0 36000
1695836562994 128.0 40000
1695836609846 128.0 44000
1695836657128 128.0 48000
1695836704681 128.0 52000
1695836751560 128.0 56000
1695836798741 128.0 60000
1695836846993 128.0 64000
1695836894640 128.0 68000
1695836941835 128.0 72000
1695836989108 128.0 76000
1695837036033 128.0 80000
1695837083368 128.0 84000
1695837129665 128.0 88000
1695837177210 128.0 92000
1695837225433 128.0 96000
1695837272993 128.0 100000
1695837319275 128.0 104000
1695837366021 128.0 108000
1695837413542 128.0 112000
1695837464401 128.0 116000
1695837514597 128.0 120000
1695837563421 128.0 124000
1695837610605 128.0 128000
1695837658318 128.0 132000
1695837706030 128.0 136000
1695837753517 128.0 140000
1695837803716 128.0 144000
1695837852089 128.0 148000
1695837899873 128.0 152000
1695837947046 128.0 156000
1695837993955 128.0 160000
1695838041492 128.0 164000
1695838089589 128.0 168000
1695838138659 128.0 172000
1695838190500 128.0 176000
