1695836125926 4000.0 4000
1695836171473 4000.0 8000
1695836218904 4000.0 12000
1695836266501 4000.0 16000
1695836314094 4000.0 20000
1695836360578 4000.0 24000
1695836417860 4000.0 28000
1695836468541 4000.0 32000
1695836516316 4000.0 36000
1695836562947 4000.0 40000
1695836609782 4000.0 44000
1695836657078 4000.0 48000
1695836704632 4000.0 52000
1695836751514 4000.0 56000
1695836798709 4000.0 60000
1695836846949 4000.0 64000
1695836894589 4000.0 68000
1695836941787 4000.0 72000
1695836989060 4000.0 76000
1695837035987 4000.0 80000
1695837083319 4000.0 84000
1695837129618 4000.0 88000
1695837177162 4000.0 92000
1695837225386 4000.0 96000
1695837272941 4000.0 100000
1695837319240 4000.0 104000
1695837365974 4000.0 108000
1695837413489 4000.0 112000
1695837464353 4000.0 116000
1695837514550 4000.0 120000
1695837563369 4000.0 124000
1695837610551 4000.0 128000
1695837658280 4000.0 132000
1695837705983 4000.0 136000
1695837753470 4000.0 140000
1695837803669 4000.0 144000
1695837852042 4000.0 148000
1695837899810 4000.0 152000
1695837946997 4000.0 156000
1695837993894 4000.0 160000
1695838041445 4000.0 164000
1695838089540 4000.0 168000
1695838138612 4000.0 172000
1695838190451 4000.0 176000
