1695836125987 10.0 4000
1695836171525 10.0 8000
1695836218965 10.0 12000
1695836266565 10.0 16000
1695836314141 10.0 20000
1695836360629 10.0 24000
1695836417922 10.0 28000
1695836468599 10.0 32000
1695836516362 10.0 36000
1695836562994 10.0 40000
1695836609846 10.0 44000
1695836657128 10.0 48000
1695836704681 10.0 52000
1695836751565 10.0 56000
1695836798758 10.0 60000
1695836847002 10.0 64000
1695836894652 10.0 68000
1695836941835 10.0 72000
1695836989123 10.0 76000
1695837036033 10.0 80000
1695837083379 10.0 84000
1695837129665 10.0 88000
1695837177210 10.0 92000
1695837225433 10.0 96000
1695837272999 10.0 100000
1695837319290 10.0 104000
1695837366021 10.0 108000
1695837413542 10.0 112000
1695837464418 10.0 116000
1695837514597 10.0 120000
1695837563421 10.0 124000
1695837610615 10.0 128000
1695837658335 10.0 132000
1695837706030 10.0 136000
1695837753533 10.0 140000
1695837803716 10.0 144000
1695837852099 10.0 148000
1695837899873 10.0 152000
1695837947046 10.0 156000
1695837993957 10.0 160000
1695838041503 10.0 164000
1695838089589 10.0 168000
1695838138671 10.0 172000
1695838190507 10.0 176000
