1695836125966 1800.0 4000
1695836171505 1800.0 8000
1695836218943 1800.0 12000
1695836266549 1800.0 16000
1695836314125 1800.0 20000
1695836360615 1800.0 24000
1695836417891 1800.0 28000
1695836468583 1800.0 32000
1695836516347 1800.0 36000
1695836562979 1800.0 40000
1695836609831 1800.0 44000
1695836657109 1800.0 48000
1695836704665 1800.0 52000
1695836751544 1800.0 56000
1695836798741 1800.0 60000
1695836846975 1800.0 64000
1695836894636 1800.0 68000
1695836941818 1800.0 72000
1695836989100 1800.0 76000
1695837036018 1800.0 80000
1695837083350 1800.0 84000
1695837129649 1800.0 88000
1695837177194 1800.0 92000
1695837225422 1800.0 96000
1695837272976 1800.0 100000
1695837319259 1800.0 104000
1695837366005 1800.0 108000
1695837413525 1800.0 112000
1695837464385 1800.0 116000
1695837514582 1800.0 120000
1695837563408 1800.0 124000
1695837610583 1800.0 128000
1695837658318 1800.0 132000
1695837706017 1800.0 136000
1695837753501 1800.0 140000
1695837803700 1800.0 144000
1695837852074 1800.0 148000
1695837899858 1800.0 152000
1695837947028 1800.0 156000
1695837993939 1800.0 160000
1695838041477 1800.0 164000
1695838089573 1800.0 168000
1695838138644 1800.0 172000
1695838190486 1800.0 176000
