1695836125965 60.0 4000
1695836171505 60.0 8000
1695836218942 60.0 12000
1695836266534 60.0 16000
1695836314125 60.0 20000
1695836360615 60.0 24000
1695836417891 60.0 28000
1695836468567 60.0 32000
1695836516347 60.0 36000
1695836562979 60.0 40000
1695836609831 60.0 44000
1695836657109 60.0 48000
1695836704665 60.0 52000
1695836751544 60.0 56000
1695836798741 60.0 60000
1695836846975 60.0 64000
1695836894620 60.0 68000
1695836941818 60.0 72000
1695836989100 60.0 76000
1695837036018 60.0 80000
1695837083350 60.0 84000
1695837129649 60.0 88000
1695837177194 60.0 92000
1695837225421 60.0 96000
1695837272975 60.0 100000
1695837319259 60.0 104000
1695837366005 60.0 108000
1695837413525 60.0 112000
1695837464385 60.0 116000
1695837514582 60.0 120000
1695837563407 60.0 124000
1695837610583 60.0 128000
1695837658317 60.0 132000
1695837706017 60.0 136000
1695837753501 60.0 140000
1695837803700 60.0 144000
1695837852074 60.0 148000
1695837899858 60.0 152000
1695837947028 60.0 156000
1695837993939 60.0 160000
1695838041477 60.0 164000
1695838089573 60.0 168000
1695838138644 60.0 172000
1695838190485 60.0 176000
