1695830818438 479.5 4000
1695830862983 479.5 8000
1695830907733 479.5 12000
1695830954299 479.5 16000
1695831002692 479.5 20000
1695831049823 479.5 24000
1695831097339 479.5 28000
1695831144828 479.5 32000
1695831191324 479.5 36000
1695831241018 479.5 40000
1695831287675 479.5 44000
1695831333935 479.5 48000
1695831380747 479.5 52000
1695831430601 479.5 56000
1695831477762 479.5 60000
1695831525927 479.5 64000
1695831573309 479.5 68000
1695831620556 479.5 72000
1695831667980 479.5 76000
1695831716076 479.5 80000
1695831763172 479.5 84000
1695831811306 479.5 88000
1695831859935 479.5 92000
1695831908392 479.5 96000
1695831956072 479.5 100000
1695832003369 479.5 104000
1695832050626 479.5 108000
1695832097846 479.5 112000
1695832145115 479.5 116000
1695832192855 479.5 120000
