1695839677947 0.0 16000
1695839711429 0.0 20000
1695839744708 0.0 24000
1695839779201 0.0 28000
1695839813864 0.0 32000
1695839850530 0.0 36000
1695839886372 0.0 40000
1695839923895 0.0 44000
1695839959603 0.0 48000
1695839995749 0.0 52000
1695840030956 0.0 56000
1695840065040 0.0 60000
1695840100253 0.0 64000
1695840134386 0.0 68000
1695840168926 0.0 72000
1695840204511 0.0 76000
1695840239933 0.0 80000
1695840276756 0.0 84000
1695840312809 0.0 88000
1695840348193 0.0 92000
1695840382359 0.0 96000
1695840416322 0.0 100000
1695840451291 0.0 104000
1695840486007 0.0 108000
1695840521041 0.0 112000
1695840555177 0.0 116000
1695840589133 0.0 120000
