1695839677947 0.0 16000
1695839711445 0.0 20000
1695839744708 0.0 24000
1695839779218 0.0 28000
1695839813881 0.0 32000
1695839850545 0.0 36000
1695839886377 0.0 40000
1695839923900 0.0 44000
1695839959616 0.0 48000
1695839995749 0.0 52000
1695840030961 0.0 56000
1695840065040 0.0 60000
1695840100257 0.0 64000
1695840134386 0.0 68000
1695840168930 0.0 72000
1695840204511 0.0 76000
1695840239937 0.0 80000
1695840276756 0.0 84000
1695840312826 0.0 88000
1695840348198 0.0 92000
1695840382363 0.0 96000
1695840416322 0.0 100000
1695840451307 0.0 104000
1695840486007 0.0 108000
1695840521041 0.0 112000
1695840555177 0.0 116000
1695840589133 0.0 120000
