1695839581284 4000.0 4000
1695839613954 8000.0 8000
1695839646121 12000.0 12000
1695839677947 16000.0 16000
1695839711445 20000.0 20000
1695839744723 24000.0 24000
1695839779218 28000.0 28000
1695839813881 32000.0 32000
1695839850545 36000.0 36000
1695839886381 40000.0 40000
1695839923904 44000.0 44000
1695839959616 48000.0 48000
1695839995760 52000.0 52000
1695840030965 56000.0 56000
1695840065040 60000.0 60000
1695840100268 64000.0 64000
1695840134402 68000.0 68000
1695840168935 72000.0 72000
1695840204511 76000.0 76000
1695840239941 80000.0 80000
1695840276756 84000.0 84000
1695840312826 88000.0 88000
1695840348202 92000.0 92000
1695840382363 96000.0 96000
1695840416322 100000.0 100000
1695840451307 104000.0 104000
1695840486007 108000.0 108000
1695840521041 112000.0 112000
1695840555193 116000.0 116000
1695840589148 120000.0 120000
