1695832489760 0.0 12000
1695832537053 0.0 16000
1695832584036 0.0 20000
1695832631133 0.0 24000
1695832679639 0.0 28000
1695832726692 0.0 32000
1695832772926 0.0 36000
1695832820201 0.0 40000
1695832867972 0.0 44000
1695832915309 0.0 48000
1695832962371 0.0 52000
1695833010671 0.0 56000
1695833058555 0.0 60000
1695833105522 0.0 64000
1695833151778 0.0 68000
1695833198180 0.0 72000
1695833244661 0.0 76000
1695833290785 0.0 80000
1695833337011 0.0 84000
1695833383556 0.0 88000
1695833431442 0.0 92000
1695833480222 0.0 96000
1695833527720 0.0 100000
1695833575436 0.0 104000
1695833622168 0.0 108000
1695833668780 0.0 112000
1695833716675 0.0 116000
1695833763311 0.0005005598068237305 120000
1695833810169 0.0005005598068237305 124000
1695833857863 0.0005005598068237305 128000
1695833906604 0.0005005598068237305 132000
1695833954229 0.0005005598068237305 136000
1695834000758 0.0005005598068237305 140000
1695834047927 0.0005005598068237305 144000
1695834094528 0.0005005598068237305 148000
1695834142008 0.0005005598068237305 152000
1695834188857 0.0005005598068237305 156000
1695834235516 0.0009989738464355469 160000
1695834282413 0.0014858245849609375 164000
