1695832489733 1.0 12000
1695832537028 1.0 16000
1695832584021 1.0 20000
1695832631100 1.0 24000
1695832679613 1.0 28000
1695832726661 1.0 32000
1695832772890 1.0 36000
1695832820177 1.0 40000
1695832867941 1.0 44000
1695832915278 1.0 48000
1695832962338 1.0 52000
1695833010645 1.0 56000
1695833058539 1.0 60000
1695833105491 1.0 64000
1695833151763 1.0 68000
1695833198151 1.0 72000
1695833244637 1.0 76000
1695833290754 1.0 80000
1695833336978 1.0 84000
1695833383540 1.0 88000
1695833431420 1.0 92000
1695833480206 1.0 96000
1695833527704 1.0 100000
1695833575404 1.0 104000
1695833622141 1.0 108000
1695833668754 1.0 112000
1695833716649 1.0 116000
1695833763285 1.0 120000
1695833810144 1.0 124000
1695833857837 1.0 128000
1695833906578 1.0 132000
1695833954203 1.0 136000
1695834000733 1.0 140000
1695834047896 1.0 144000
1695834094502 1.0 148000
1695834141983 1.0 152000
1695834188832 1.0 156000
1695834235491 1.0 160000
1695834282387 1.0 164000
