1695832489727 1.0 12000
1695832537021 0.18181818181818182 16000
1695832584004 0.18181818181818182 20000
1695832631100 0.3076923076923077 24000
1695832679613 0.19047619047619047 28000
1695832726661 0.19047619047619047 32000
1695832772890 0.28 36000
1695832820177 0.25 40000
1695832867941 0.25 44000
1695832915278 0.25 48000
1695832962338 0.24390243902439024 52000
1695833010644 0.23809523809523808 56000
1695833058539 0.24444444444444444 60000
1695833105491 0.23529411764705882 64000
1695833151761 0.24528301886792453 68000
1695833198151 0.2631578947368421 72000
1695833244637 0.26229508196721313 76000
1695833290754 0.265625 80000
1695833336978 0.2608695652173913 84000
1695833383524 0.28378378378378377 88000
1695833431418 0.2857142857142857 92000
1695833480189 0.2875 96000
1695833527688 0.2926829268292683 100000
1695833575402 0.27586206896551724 104000
1695833622138 0.2826086956521739 108000
1695833668752 0.2765957446808511 112000
1695833716647 0.26804123711340205 116000
1695833763283 0.26 120000
1695833810142 0.25 124000
1695833857835 0.25 128000
1695833906576 0.25 132000
1695833954201 0.24 136000
1695834000731 0.24 140000
1695834047894 0.26 144000
1695834094500 0.25 148000
1695834141981 0.25 152000
1695834188830 0.24 156000
1695834235489 0.24 160000
1695834282385 0.24 164000
