1695832399471 0.2 4000
1695832445180 0.2 8000
1695832489833 0.2 12000
1695832537128 0.2 16000
1695832584115 0.2 20000
1695832631212 0.2 24000
1695832679720 0.2 28000
1695832726757 0.2 32000
1695832773005 0.2 36000
1695832820277 0.2 40000
1695832868053 0.2 44000
1695832915372 0.2 48000
1695832962452 0.2 52000
1695833010742 0.2 56000
1695833058682 0.2 60000
1695833105586 0.2 64000
1695833151857 0.2 68000
1695833198263 0.2 72000
1695833244738 0.2 76000
1695833290851 0.2 80000
1695833337089 0.2 84000
1695833383636 0.2 88000
1695833431525 0.2 92000
1695833480308 0.2 96000
1695833527799 0.2 100000
1695833575514 0.2 104000
1695833622245 0.2 108000
1695833668853 0.2 112000
1695833716747 0.2 116000
1695833763391 0.2 120000
1695833810239 0.2 124000
1695833857990 0.2 128000
1695833906675 0.2 132000
1695833954310 0.2 136000
1695834000828 0.2 140000
1695834047999 0.2 144000
1695834094602 0.2 148000
1695834142078 0.2 152000
1695834188927 0.2 156000
1695834235585 0.2 160000
1695834282485 0.2 164000
