1695832399473 0.5 4000
1695832445180 0.5 8000
1695832489838 0.5 12000
1695832537128 0.5 16000
1695832584115 0.5 20000
1695832631212 0.5 24000
1695832679720 0.5 28000
1695832726757 0.5 32000
1695832773006 0.5 36000
1695832820277 0.5 40000
1695832868053 0.5 44000
1695832915372 0.5 48000
1695832962452 0.5 52000
1695833010743 0.5 56000
1695833058682 0.5 60000
1695833105586 0.5 64000
1695833151857 0.5 68000
1695833198263 0.5 72000
1695833244738 0.5 76000
1695833290851 0.5 80000
1695833337090 0.5 84000
1695833383636 0.5 88000
1695833431525 0.5 92000
1695833480308 0.5 96000
1695833527799 0.5 100000
1695833575516 0.5 104000
1695833622246 0.5 108000
1695833668854 0.5 112000
1695833716748 0.5 116000
1695833763392 0.5 120000
1695833810240 0.5 124000
1695833857991 0.5 128000
1695833906676 0.5 132000
1695833954311 0.5 136000
1695834000829 0.5 140000
1695834048000 0.5 144000
1695834094602 0.5 148000
1695834142079 0.5 152000
1695834188927 0.5 156000
1695834235586 0.5 160000
1695834282485 0.5 164000
