1695832399429 1.0 4000
1695832445163 1.0 8000
1695832489807 1.0 12000
1695832537099 1.0 16000
1695832584084 1.0 20000
1695832631179 1.0 24000
1695832679688 1.0 28000
1695832726741 1.0 32000
1695832772973 1.0 36000
1695832820254 1.0 40000
1695832868019 1.0 44000
1695832915356 1.0 48000
1695832962419 1.0 52000
1695833010717 1.0 56000
1695833058634 1.0 60000
1695833105571 1.0 64000
1695833151825 1.0 68000
1695833198234 1.0 72000
1695833244709 1.0 76000
1695833290825 1.0 80000
1695833337058 1.0 84000
1695833383620 1.0 88000
1695833431493 1.0 92000
1695833480272 1.0 96000
1695833527767 1.0 100000
1695833575486 1.0 104000
1695833622219 1.0 108000
1695833668826 1.0 112000
1695833716721 1.0 116000
1695833763363 1.0 120000
1695833810213 1.0 124000
1695833857912 1.0 128000
1695833906650 1.0 132000
1695833954276 1.0 136000
1695834000803 1.0 140000
1695834047972 1.0 144000
1695834094574 1.0 148000
1695834142052 1.0 152000
1695834188902 1.0 156000
1695834235559 1.0 160000
1695834282458 1.0 164000
