1695836126090 0.5 4000
1695836171611 0.5 8000
1695836219053 0.5 12000
1695836266693 0.5 16000
1695836314273 0.5 20000
1695836360760 0.5 24000
1695836418067 0.5 28000
1695836468710 0.5 32000
1695836516485 0.5 36000
1695836563106 0.5 40000
1695836609957 0.5 44000
1695836657245 0.5 48000
1695836704792 0.5 52000
1695836751677 0.5 56000
1695836798885 0.5 60000
1695836847128 0.5 64000
1695836894764 0.5 68000
1695836941959 0.5 72000
1695836989234 0.5 76000
1695837036145 0.5 80000
1695837083494 0.5 84000
1695837129792 0.5 88000
1695837177348 0.5 92000
1695837225565 0.5 96000
1695837273117 0.5 100000
1695837319401 0.5 104000
1695837366154 0.5 108000
1695837413670 0.5 112000
1695837464528 0.5 116000
1695837514721 0.5 120000
1695837563533 0.5 124000
1695837610727 0.5 128000
1695837658450 0.5 132000
1695837706159 0.5 136000
1695837753648 0.5 140000
1695837803844 0.5 144000
1695837852216 0.5 148000
1695837899984 0.5 152000
1695837947175 0.5 156000
1695837994068 0.5 160000
1695838041620 0.5 164000
1695838089716 0.5 168000
1695838138789 0.5 172000
1695838190630 0.5 176000
