1695836126087 0.2 4000
1695836171600 0.2 8000
1695836219051 0.2 12000
1695836266693 0.2 16000
1695836314271 0.2 20000
1695836360760 0.2 24000
1695836418060 0.2 28000
1695836468710 0.2 32000
1695836516485 0.2 36000
1695836563106 0.2 40000
1695836609957 0.2 44000
1695836657245 0.2 48000
1695836704792 0.2 52000
1695836751677 0.2 56000
1695836798883 0.2 60000
1695836847126 0.2 64000
1695836894764 0.2 68000
1695836941946 0.2 72000
1695836989234 0.2 76000
1695837036145 0.2 80000
1695837083479 0.2 84000
1695837129777 0.2 88000
1695837177348 0.2 92000
1695837225565 0.2 96000
1695837273115 0.2 100000
1695837319401 0.2 104000
1695837366154 0.2 108000
1695837413670 0.2 112000
1695837464528 0.2 116000
1695837514721 0.2 120000
1695837563533 0.2 124000
1695837610727 0.2 128000
1695837658448 0.2 132000
1695837706159 0.2 136000
1695837753648 0.2 140000
1695837803843 0.2 144000
1695837852216 0.2 148000
1695837899984 0.2 152000
1695837947175 0.2 156000
1695837994068 0.2 160000
1695838041604 0.2 164000
1695838089700 0.2 168000
1695838138789 0.2 172000
1695838190628 0.2 176000
