1695830907525 0.0 12000
1695830954088 0.0 16000
1695831002471 0.0 20000
1695831049624 0.0 24000
1695831097130 0.0 28000
1695831144620 0.0 32000
1695831191136 0.0 36000
1695831240811 0.0 40000
1695831287469 0.0 44000
1695831333743 0.0 48000
1695831380541 0.0 52000
1695831430395 0.0 56000
1695831477561 0.0 60000
1695831525718 0.0 64000
1695831573096 0.0 68000
1695831620342 0.0 72000
1695831667765 0.0 76000
1695831715870 0.0 80000
1695831762968 0.0 84000
1695831811100 0.0 88000
1695831859726 0.0 92000
1695831908178 0.0 96000
1695831955850 0.0 100000
1695832003155 0.0 104000
1695832050425 0.0 108000
1695832097640 0.0 112000
1695832144907 0.0 116000
1695832192648 0.0 120000
