1695832399346 1.0 4000
1695832445095 1.0 8000
1695832489695 1.0 12000
1695832536988 1.0 16000
1695832583989 1.0 20000
1695832631067 1.0 24000
1695832679590 1.0 28000
1695832726630 1.0 32000
1695832772873 1.0 36000
1695832820138 1.0 40000
1695832867913 1.0 44000
1695832915254 1.0 48000
1695832962302 1.0 52000
1695833010617 1.0 56000
1695833058507 1.0 60000
1695833105459 1.0 64000
1695833151730 1.0 68000
1695833198117 1.0 72000
1695833244613 1.0 76000
1695833290724 1.0 80000
1695833336947 1.0 84000
1695833383509 1.0 88000
1695833431389 1.0 92000
1695833480156 1.0 96000
1695833527673 1.0 100000
1695833575373 1.0 104000
1695833622110 1.0 108000
1695833668724 1.0 112000
1695833716619 1.0 116000
1695833763255 1.0 120000
1695833810115 1.0 124000
1695833857805 1.0 128000
1695833906543 1.0 132000
1695833954172 1.0 136000
1695834000696 1.0 140000
1695834047865 1.0 144000
1695834094472 1.0 148000
1695834141952 1.0 152000
1695834188802 1.0 156000
1695834235461 1.0 160000
1695834282358 1.0 164000
