1695832399318 0.0 4000
1695832445054 0.0 8000
1695832489648 0.0 12000
1695832536957 0.0 16000
1695832583942 0.0 20000
1695832631036 0.0 24000
1695832679544 0.0 28000
1695832726597 0.0 32000
1695832772826 0.0 36000
1695832820107 0.0 40000
1695832867860 0.0 44000
1695832915214 0.0 48000
1695832962267 0.0 52000
1695833010579 0.0 56000
1695833058459 0.0 60000
1695833105427 0.0 64000
1695833151683 0.0 68000
1695833198084 0.0 72000
1695833244566 0.0 76000
1695833290674 0.0 80000
1695833336916 0.0 84000
1695833383460 0.0 88000
1695833431346 0.0 92000
1695833480122 0.0 96000
1695833527624 0.0 100000
1695833575324 0.0 104000
1695833622073 0.0 108000
1695833668688 0.0 112000
1695833716582 0.0 116000
1695833763217 0.0 120000
1695833810078 0.0 124000
1695833857767 0.0 128000
1695833906505 0.0 132000
1695833954136 0.0 136000
1695834000659 0.0 140000
1695834047830 0.0 144000
1695834094437 0.0 148000
1695834141917 0.0 152000
1695834188766 0.0 156000
1695834235424 0.0 160000
1695834282316 0.0 164000
