1695832399375 0.3 4000
1695832445102 0.3 8000
1695832489711 0.3 12000
1695832537004 0.3 16000
1695832583989 0.3 20000
1695832631085 0.3 24000
1695832679592 0.3 28000
1695832726646 0.3 32000
1695832772875 0.3 36000
1695832820153 0.3 40000
1695832867924 0.3 44000
1695832915261 0.3 48000
1695832962318 0.3 52000
1695833010630 0.3 56000
1695833058523 0.3 60000
1695833105475 0.3 64000
1695833151746 0.3 68000
1695833198133 0.3 72000
1695833244613 0.3 76000
1695833290724 0.3 80000
1695833336963 0.3 84000
1695833383509 0.3 88000
1695833431393 0.3 92000
1695833480188 0.3 96000
1695833527673 0.3 100000
1695833575387 0.3 104000
1695833622123 0.3 108000
1695833668737 0.3 112000
1695833716632 0.3 116000
1695833763268 0.3 120000
1695833810127 0.3 124000
1695833857820 0.3 128000
1695833906556 0.3 132000
1695833954186 0.3 136000
1695834000715 0.3 140000
1695834047878 0.3 144000
1695834094485 0.3 148000
1695834141966 0.3 152000
1695834188815 0.3 156000
1695834235474 0.3 160000
1695834282371 0.3 164000
