1695832399381 0.0 4000
1695832445113 0.0 8000
1695832489711 0.0 12000
1695832537004 0.0 16000
1695832584004 0.0 20000
1695832631085 0.0 24000
1695832679608 0.0 28000
1695832726646 0.0 32000
1695832772890 0.0 36000
1695832820169 0.0 40000
1695832867924 0.0 44000
1695832915261 0.0 48000
1695832962318 0.0 52000
1695833010634 0.0 56000
1695833058523 0.0 60000
1695833105475 0.0 64000
1695833151746 0.0 68000
1695833198133 0.0 72000
1695833244629 0.0 76000
1695833290738 0.0 80000
1695833336963 0.0 84000
1695833383524 0.0 88000
1695833431407 0.0 92000
1695833480189 0.0 96000
1695833527688 0.0 100000
1695833575391 0.0 104000
1695833622128 0.0 108000
1695833668742 0.0 112000
1695833716637 0.0 116000
1695833763273 0.0 120000
1695833810131 0.0 124000
1695833857824 0.0 128000
1695833906565 0.0 132000
1695833954191 0.0 136000
1695834000719 0.0 140000
1695834047884 0.0 144000
1695834094490 0.0 148000
1695834141970 0.0 152000
1695834188820 0.0 156000
1695834235479 0.0 160000
1695834282376 0.0 164000
