1695832399346 60.0 4000
1695832445085 60.0 8000
1695832489680 60.0 12000
1695832536988 60.0 16000
1695832583973 60.0 20000
1695832631067 60.0 24000
1695832679575 60.0 28000
1695832726614 60.0 32000
1695832772857 60.0 36000
1695832820138 60.0 40000
1695832867907 60.0 44000
1695832915245 60.0 48000
1695832962299 60.0 52000
1695833010608 60.0 56000
1695833058492 60.0 60000
1695833105442 60.0 64000
1695833151714 60.0 68000
1695833198117 60.0 72000
1695833244598 60.0 76000
1695833290706 60.0 80000
1695833336931 60.0 84000
1695833383494 60.0 88000
1695833431379 60.0 92000
1695833480156 60.0 96000
1695833527655 60.0 100000
1695833575356 60.0 104000
1695833622101 60.0 108000
1695833668715 60.0 112000
1695833716610 60.0 116000
1695833763247 60.0 120000
1695833810107 60.0 124000
1695833857797 60.0 128000
1695833906535 60.0 132000
1695833954163 60.0 136000
1695834000687 60.0 140000
1695834047857 60.0 144000
1695834094464 60.0 148000
1695834141944 60.0 152000
1695834188794 60.0 156000
1695834235452 60.0 160000
1695834282349 60.0 164000
