1695832399295 20.0 4000
1695832445037 20.0 8000
1695832489632 20.0 12000
1695832536942 20.0 16000
1695832583926 20.0 20000
1695832631005 20.0 24000
1695832679528 20.0 28000
1695832726565 20.0 32000
1695832772810 20.0 36000
1695832820090 20.0 40000
1695832867845 20.0 44000
1695832915198 20.0 48000
1695832962237 20.0 52000
1695833010560 20.0 56000
1695833058446 20.0 60000
1695833105395 20.0 64000
1695833151667 20.0 68000
1695833198069 20.0 72000
1695833244549 20.0 76000
1695833290659 20.0 80000
1695833336884 20.0 84000
1695833383444 20.0 88000
1695833431330 20.0 92000
1695833480106 20.0 96000
1695833527608 20.0 100000
1695833575314 20.0 104000
1695833622048 20.0 108000
1695833668670 20.0 112000
1695833716563 20.0 116000
1695833763198 20.0 120000
1695833810059 20.0 124000
1695833857748 20.0 128000
1695833906487 20.0 132000
1695833954116 20.0 136000
1695834000640 20.0 140000
1695834047812 20.0 144000
1695834094419 20.0 148000
1695834141899 20.0 152000
1695834188747 20.0 156000
1695834235405 20.0 160000
1695834282297 20.0 164000
