1695832399305 1.0 4000
1695832445046 1.0 8000
1695832489648 1.0 12000
1695832536942 1.0 16000
1695832583942 1.0 20000
1695832631020 1.0 24000
1695832679528 1.0 28000
1695832726581 1.0 32000
1695832772826 1.0 36000
1695832820090 1.0 40000
1695832867860 1.0 44000
1695832915198 1.0 48000
1695832962255 1.0 52000
1695833010569 1.0 56000
1695833058459 1.0 60000
1695833105411 1.0 64000
1695833151683 1.0 68000
1695833198069 1.0 72000
1695833244566 1.0 76000
1695833290674 1.0 80000
1695833336900 1.0 84000
1695833383444 1.0 88000
1695833431330 1.0 92000
1695833480106 1.0 96000
1695833527624 1.0 100000
1695833575324 1.0 104000
1695833622048 1.0 108000
1695833668678 1.0 112000
1695833716572 1.0 116000
1695833763207 1.0 120000
1695833810068 1.0 124000
1695833857757 1.0 128000
1695833906495 1.0 132000
1695833954125 1.0 136000
1695834000649 1.0 140000
1695834047821 1.0 144000
1695834094427 1.0 148000
1695834141907 1.0 152000
1695834188755 1.0 156000
1695834235413 1.0 160000
1695834282305 1.0 164000
