1695832399374 0.0 4000
1695832445102 0.0 8000
1695832489711 0.0 12000
1695832537004 0.0 16000
1695832583989 0.0 20000
1695832631085 0.0 24000
1695832679592 0.0 28000
1695832726646 0.0 32000
1695832772875 0.0 36000
1695832820153 0.0 40000
1695832867924 0.0 44000
1695832915261 0.0 48000
1695832962318 0.0 52000
1695833010629 0.0 56000
1695833058523 0.0 60000
1695833105475 0.0 64000
1695833151746 0.0 68000
1695833198133 0.0 72000
1695833244613 0.0 76000
1695833290724 0.0 80000
1695833336963 0.0 84000
1695833383509 0.0 88000
1695833431393 0.0 92000
1695833480172 0.0 96000
1695833527673 0.0 100000
1695833575386 0.0 104000
1695833622122 0.0 108000
1695833668736 0.0 112000
1695833716632 0.0 116000
1695833763267 0.0 120000
1695833810126 0.0 124000
1695833857818 0.0 128000
1695833906555 0.0 132000
1695833954185 0.0 136000
1695834000714 0.0 140000
1695834047877 0.0 144000
1695834094484 0.0 148000
1695834141965 0.0 152000
1695834188814 0.0 156000
1695834235473 0.0 160000
1695834282370 0.0 164000
