1695832399319 1.0 4000
1695832445054 1.0 8000
1695832489664 1.0 12000
1695832536957 1.0 16000
1695832583942 1.0 20000
1695832631036 1.0 24000
1695832679544 1.0 28000
1695832726597 1.0 32000
1695832772826 1.0 36000
1695832820107 1.0 40000
1695832867860 1.0 44000
1695832915214 1.0 48000
1695832962267 1.0 52000
1695833010581 1.0 56000
1695833058459 1.0 60000
1695833105427 1.0 64000
1695833151698 1.0 68000
1695833198084 1.0 72000
1695833244566 1.0 76000
1695833290674 1.0 80000
1695833336916 1.0 84000
1695833383460 1.0 88000
1695833431346 1.0 92000
1695833480122 1.0 96000
1695833527624 1.0 100000
1695833575324 1.0 104000
1695833622074 1.0 108000
1695833668689 1.0 112000
1695833716583 1.0 116000
1695833763218 1.0 120000
1695833810079 1.0 124000
1695833857768 1.0 128000
1695833906506 1.0 132000
1695833954136 1.0 136000
1695834000660 1.0 140000
1695834047831 1.0 144000
1695834094438 1.0 148000
1695834141918 1.0 152000
1695834188766 1.0 156000
1695834235425 1.0 160000
1695834282317 1.0 164000
