1695832399346 0.0 4000
1695832445069 0.0 8000
1695832489680 0.0 12000
1695832536973 0.0 16000
1695832583973 0.0 20000
1695832631052 0.0 24000
1695832679575 0.0 28000
1695832726614 0.0 32000
1695832772857 0.0 36000
1695832820138 0.0 40000
1695832867892 0.0 44000
1695832915229 0.0 48000
1695832962286 0.0 52000
1695833010603 0.0 56000
1695833058492 0.0 60000
1695833105442 0.0 64000
1695833151714 0.0 68000
1695833198117 0.0 72000
1695833244598 0.0 76000
1695833290706 0.0 80000
1695833336931 0.0 84000
1695833383494 0.0 88000
1695833431375 0.0 92000
1695833480155 0.0 96000
1695833527655 0.0 100000
1695833575356 0.0 104000
1695833622097 0.0 108000
1695833668711 0.0 112000
1695833716606 0.0 116000
1695833763241 0.0 120000
1695833810102 0.0 124000
1695833857777 0.0 128000
1695833906530 0.0 132000
1695833954159 0.0 136000
1695834000683 0.0 140000
1695834047852 0.0 144000
1695834094459 0.0 148000
1695834141939 0.0 152000
1695834188789 0.0 156000
1695834235447 0.0 160000
1695834282344 0.0 164000
