1695832399313 0.99 4000
1695832445054 0.99 8000
1695832489648 0.99 12000
1695832536957 0.99 16000
1695832583942 0.99 20000
1695832631020 0.99 24000
1695832679544 0.99 28000
1695832726581 0.99 32000
1695832772826 0.99 36000
1695832820107 0.99 40000
1695832867860 0.99 44000
1695832915214 0.99 48000
1695832962262 0.99 52000
1695833010576 0.99 56000
1695833058459 0.99 60000
1695833105411 0.99 64000
1695833151683 0.99 68000
1695833198084 0.99 72000
1695833244566 0.99 76000
1695833290674 0.99 80000
1695833336911 0.99 84000
1695833383460 0.99 88000
1695833431330 0.99 92000
1695833480122 0.99 96000
1695833527624 0.99 100000
1695833575324 0.99 104000
1695833622069 0.99 108000
1695833668684 0.99 112000
1695833716578 0.99 116000
1695833763213 0.99 120000
1695833810075 0.99 124000
1695833857763 0.99 128000
1695833906501 0.99 132000
1695833954132 0.99 136000
1695834000655 0.99 140000
1695834047827 0.99 144000
1695834094433 0.99 148000
1695834141913 0.99 152000
1695834188762 0.99 156000
1695834235420 0.99 160000
1695834282312 0.99 164000
