1695832399338 0.0 4000
1695832445069 0.0 8000
1695832489680 0.0 12000
1695832536973 0.0 16000
1695832583958 0.0 20000
1695832631052 0.0 24000
1695832679560 0.0 28000
1695832726613 0.0 32000
1695832772842 0.0 36000
1695832820122 0.0 40000
1695832867892 0.0 44000
1695832915229 0.0 48000
1695832962286 0.0 52000
1695833010595 0.0 56000
1695833058475 0.0 60000
1695833105442 0.0 64000
1695833151701 0.0 68000
1695833198101 0.0 72000
1695833244582 0.0 76000
1695833290690 0.0 80000
1695833336931 0.0 84000
1695833383477 0.0 88000
1695833431365 0.0 92000
1695833480142 0.0 96000
1695833527639 0.0 100000
1695833575339 0.0 104000
1695833622089 0.0 108000
1695833668704 0.0 112000
1695833716599 0.0 116000
1695833763233 0.0 120000
1695833810095 0.0 124000
1695833857777 0.0 128000
1695833906521 0.0 132000
1695833954152 0.0 136000
1695834000675 0.0 140000
1695834047846 0.0 144000
1695834094452 0.0 148000
1695834141932 0.0 152000
1695834188782 0.0 156000
1695834235440 0.0 160000
1695834282337 0.0 164000
