1695832399369 0.2 4000
1695832445102 0.2 8000
1695832489695 0.2 12000
1695832537004 0.2 16000
1695832583989 0.2 20000
1695832631085 0.2 24000
1695832679592 0.2 28000
1695832726630 0.2 32000
1695832772875 0.2 36000
1695832820153 0.2 40000
1695832867924 0.2 44000
1695832915261 0.2 48000
1695832962318 0.2 52000
1695833010624 0.2 56000
1695833058507 0.2 60000
1695833105459 0.2 64000
1695833151730 0.2 68000
1695833198133 0.2 72000
1695833244613 0.2 76000
1695833290724 0.2 80000
1695833336947 0.2 84000
1695833383509 0.2 88000
1695833431393 0.2 92000
1695833480172 0.2 96000
1695833527673 0.2 100000
1695833575380 0.2 104000
1695833622117 0.2 108000
1695833668731 0.2 112000
1695833716627 0.2 116000
1695833763262 0.2 120000
1695833810122 0.2 124000
1695833857813 0.2 128000
1695833906551 0.2 132000
1695833954180 0.2 136000
1695834000709 0.2 140000
1695834047873 0.2 144000
1695834094480 0.2 148000
1695834141960 0.2 152000
1695834188810 0.2 156000
1695834235468 0.2 160000
1695834282365 0.2 164000
