1695832399377 0.01 4000
1695832445102 0.01 8000
1695832489711 0.01 12000
1695832537004 0.01 16000
1695832584004 0.01 20000
1695832631085 0.01 24000
1695832679592 0.01 28000
1695832726646 0.01 32000
1695832772887 0.01 36000
1695832820153 0.01 40000
1695832867924 0.01 44000
1695832915261 0.01 48000
1695832962318 0.01 52000
1695833010631 0.01 56000
1695833058523 0.01 60000
1695833105475 0.01 64000
1695833151746 0.01 68000
1695833198133 0.01 72000
1695833244613 0.01 76000
1695833290738 0.01 80000
1695833336963 0.01 84000
1695833383524 0.01 88000
1695833431393 0.01 92000
1695833480189 0.01 96000
1695833527688 0.01 100000
1695833575389 0.01 104000
1695833622125 0.01 108000
1695833668739 0.01 112000
1695833716634 0.01 116000
1695833763270 0.01 120000
1695833810129 0.01 124000
1695833857822 0.01 128000
1695833906562 0.01 132000
1695833954188 0.01 136000
1695834000716 0.01 140000
1695834047880 0.01 144000
1695834094487 0.01 148000
1695834141968 0.01 152000
1695834188817 0.01 156000
1695834235476 0.01 160000
1695834282373 0.01 164000
