1695832399345 1.0 4000
1695832445069 1.0 8000
1695832489680 1.0 12000
1695832536973 1.0 16000
1695832583973 1.0 20000
1695832631052 1.0 24000
1695832679575 1.0 28000
1695832726614 1.0 32000
1695832772857 1.0 36000
1695832820138 1.0 40000
1695832867892 1.0 44000
1695832915229 1.0 48000
1695832962286 1.0 52000
1695833010602 1.0 56000
1695833058492 1.0 60000
1695833105442 1.0 64000
1695833151714 1.0 68000
1695833198101 1.0 72000
1695833244598 1.0 76000
1695833290706 1.0 80000
1695833336931 1.0 84000
1695833383494 1.0 88000
1695833431374 1.0 92000
1695833480142 1.0 96000
1695833527655 1.0 100000
1695833575356 1.0 104000
1695833622096 1.0 108000
1695833668710 1.0 112000
1695833716605 1.0 116000
1695833763240 1.0 120000
1695833810101 1.0 124000
1695833857777 1.0 128000
1695833906529 1.0 132000
1695833954158 1.0 136000
1695834000682 1.0 140000
1695834047851 1.0 144000
1695834094458 1.0 148000
1695834141938 1.0 152000
1695834188788 1.0 156000
1695834235446 1.0 160000
1695834282343 1.0 164000
