1695832399315 5e-05 4000
1695832445054 5e-05 8000
1695832489648 5e-05 12000
1695832536957 5e-05 16000
1695832583942 5e-05 20000
1695832631036 5e-05 24000
1695832679544 5e-05 28000
1695832726581 5e-05 32000
1695832772826 5e-05 36000
1695832820107 5e-05 40000
1695832867860 5e-05 44000
1695832915214 5e-05 48000
1695832962263 5e-05 52000
1695833010577 5e-05 56000
1695833058459 5e-05 60000
1695833105411 5e-05 64000
1695833151683 5e-05 68000
1695833198084 5e-05 72000
1695833244566 5e-05 76000
1695833290674 5e-05 80000
1695833336911 5e-05 84000
1695833383460 5e-05 88000
1695833431346 5e-05 92000
1695833480122 5e-05 96000
1695833527624 5e-05 100000
1695833575324 5e-05 104000
1695833622070 5e-05 108000
1695833668685 5e-05 112000
1695833716579 5e-05 116000
1695833763214 5e-05 120000
1695833810076 5e-05 124000
1695833857764 5e-05 128000
1695833906502 5e-05 132000
1695833954133 5e-05 136000
1695834000656 5e-05 140000
1695834047828 5e-05 144000
1695834094434 5e-05 148000
1695834141914 5e-05 152000
1695834188763 5e-05 156000
1695834235421 5e-05 160000
1695834282313 5e-05 164000
