1695832399346 1000.0 4000
1695832445085 1000.0 8000
1695832489680 1000.0 12000
1695832536988 1000.0 16000
1695832583973 1000.0 20000
1695832631067 1000.0 24000
1695832679575 1000.0 28000
1695832726614 1000.0 32000
1695832772857 1000.0 36000
1695832820138 1000.0 40000
1695832867907 1000.0 44000
1695832915245 1000.0 48000
1695832962299 1000.0 52000
1695833010607 1000.0 56000
1695833058492 1000.0 60000
1695833105442 1000.0 64000
1695833151714 1000.0 68000
1695833198117 1000.0 72000
1695833244598 1000.0 76000
1695833290706 1000.0 80000
1695833336931 1000.0 84000
1695833383494 1000.0 88000
1695833431378 1000.0 92000
1695833480156 1000.0 96000
1695833527655 1000.0 100000
1695833575356 1000.0 104000
1695833622100 1000.0 108000
1695833668715 1000.0 112000
1695833716610 1000.0 116000
1695833763246 1000.0 120000
1695833810106 1000.0 124000
1695833857796 1000.0 128000
1695833906534 1000.0 132000
1695833954163 1000.0 136000
1695834000686 1000.0 140000
1695834047856 1000.0 144000
1695834094463 1000.0 148000
1695834141943 1000.0 152000
1695834188793 1000.0 156000
1695834235451 1000.0 160000
1695834282348 1000.0 164000
