1695832399317 2.0 4000
1695832445054 2.0 8000
1695832489648 2.0 12000
1695832536957 2.0 16000
1695832583942 2.0 20000
1695832631036 2.0 24000
1695832679544 2.0 28000
1695832726597 2.0 32000
1695832772826 2.0 36000
1695832820107 2.0 40000
1695832867860 2.0 44000
1695832915214 2.0 48000
1695832962266 2.0 52000
1695833010578 2.0 56000
1695833058459 2.0 60000
1695833105427 2.0 64000
1695833151683 2.0 68000
1695833198084 2.0 72000
1695833244566 2.0 76000
1695833290674 2.0 80000
1695833336916 2.0 84000
1695833383460 2.0 88000
1695833431346 2.0 92000
1695833480122 2.0 96000
1695833527624 2.0 100000
1695833575324 2.0 104000
1695833622072 2.0 108000
1695833668687 2.0 112000
1695833716581 2.0 116000
1695833763216 2.0 120000
1695833810077 2.0 124000
1695833857766 2.0 128000
1695833906504 2.0 132000
1695833954135 2.0 136000
1695834000658 2.0 140000
1695834047830 2.0 144000
1695834094436 2.0 148000
1695834141916 2.0 152000
1695834188765 2.0 156000
1695834235423 2.0 160000
1695834282315 2.0 164000
