1695832399339 60.0 4000
1695832445069 60.0 8000
1695832489680 60.0 12000
1695832536973 60.0 16000
1695832583958 60.0 20000
1695832631052 60.0 24000
1695832679560 60.0 28000
1695832726614 60.0 32000
1695832772842 60.0 36000
1695832820122 60.0 40000
1695832867892 60.0 44000
1695832915229 60.0 48000
1695832962286 60.0 52000
1695833010596 60.0 56000
1695833058491 60.0 60000
1695833105442 60.0 64000
1695833151714 60.0 68000
1695833198101 60.0 72000
1695833244582 60.0 76000
1695833290690 60.0 80000
1695833336931 60.0 84000
1695833383477 60.0 88000
1695833431366 60.0 92000
1695833480142 60.0 96000
1695833527639 60.0 100000
1695833575339 60.0 104000
1695833622090 60.0 108000
1695833668704 60.0 112000
1695833716599 60.0 116000
1695833763234 60.0 120000
1695833810096 60.0 124000
1695833857777 60.0 128000
1695833906522 60.0 132000
1695833954152 60.0 136000
1695834000676 60.0 140000
1695834047847 60.0 144000
1695834094453 60.0 148000
1695834141933 60.0 152000
1695834188783 60.0 156000
1695834235441 60.0 160000
1695834282338 60.0 164000
