1695832399342 0.0 4000
1695832445069 0.0 8000
1695832489680 0.0 12000
1695832536973 0.0 16000
1695832583973 0.0 20000
1695832631052 0.0 24000
1695832679560 0.0 28000
1695832726614 0.0 32000
1695832772842 0.0 36000
1695832820122 0.0 40000
1695832867892 0.0 44000
1695832915229 0.0 48000
1695832962286 0.0 52000
1695833010599 0.0 56000
1695833058492 0.0 60000
1695833105442 0.0 64000
1695833151714 0.0 68000
1695833198101 0.0 72000
1695833244582 0.0 76000
1695833290706 0.0 80000
1695833336931 0.0 84000
1695833383477 0.0 88000
1695833431370 0.0 92000
1695833480142 0.0 96000
1695833527655 0.0 100000
1695833575355 0.0 104000
1695833622093 0.0 108000
1695833668707 0.0 112000
1695833716602 0.0 116000
1695833763237 0.0 120000
1695833810099 0.0 124000
1695833857777 0.0 128000
1695833906525 0.0 132000
1695833954155 0.0 136000
1695834000679 0.0 140000
1695834047849 0.0 144000
1695834094456 0.0 148000
1695834141936 0.0 152000
1695834188785 0.0 156000
1695834235444 0.0 160000
1695834282341 0.0 164000
