1695832399383 10.0 4000
1695832445115 10.0 8000
1695832489711 10.0 12000
1695832537004 10.0 16000
1695832584004 10.0 20000
1695832631085 10.0 24000
1695832679608 10.0 28000
1695832726646 10.0 32000
1695832772890 10.0 36000
1695832820169 10.0 40000
1695832867941 10.0 44000
1695832915261 10.0 48000
1695832962318 10.0 52000
1695833010636 10.0 56000
1695833058523 10.0 60000
1695833105475 10.0 64000
1695833151746 10.0 68000
1695833198148 10.0 72000
1695833244629 10.0 76000
1695833290738 10.0 80000
1695833336963 10.0 84000
1695833383524 10.0 88000
1695833431409 10.0 92000
1695833480189 10.0 96000
1695833527688 10.0 100000
1695833575393 10.0 104000
1695833622130 10.0 108000
1695833668744 10.0 112000
1695833716639 10.0 116000
1695833763275 10.0 120000
1695833810134 10.0 124000
1695833857826 10.0 128000
1695833906567 10.0 132000
1695833954192 10.0 136000
1695834000721 10.0 140000
1695834047885 10.0 144000
1695834094491 10.0 148000
1695834141972 10.0 152000
1695834188822 10.0 156000
1695834235480 10.0 160000
1695834282378 10.0 164000
