1695832399289 0.0 4000
1695832445022 0.0 8000
1695832489632 0.0 12000
1695832536927 0.0 16000
1695832583926 0.0 20000
1695832631005 0.0 24000
1695832679528 0.0 28000
1695832726565 0.0 32000
1695832772810 0.0 36000
1695832820090 0.0 40000
1695832867845 0.0 44000
1695832915182 0.0 48000
1695832962237 0.0 52000
1695833010555 0.0 56000
1695833058446 0.0 60000
1695833105395 0.0 64000
1695833151667 0.0 68000
1695833198069 0.0 72000
1695833244549 0.0 76000
1695833290659 0.0 80000
1695833336884 0.0 84000
1695833383444 0.0 88000
1695833431315 0.0 92000
1695833480106 0.0 96000
1695833527608 0.0 100000
1695833575310 0.0 104000
1695833622048 0.0 108000
1695833668665 0.0 112000
1695833716558 0.0 116000
1695833763194 0.0 120000
1695833810055 0.0 124000
1695833857743 0.0 128000
1695833906482 0.0 132000
1695833954112 0.0 136000
1695834000636 0.0 140000
1695834047808 0.0 144000
1695834094414 0.0 148000
1695834141894 0.0 152000
1695834188742 0.0 156000
1695834235400 0.0 160000
1695834282293 0.0 164000
