1695832399285 0.0 4000
1695832445022 0.0 8000
1695832489632 0.0 12000
1695832536927 0.0 16000
1695832583926 0.0 20000
1695832631005 0.0 24000
1695832679513 0.0 28000
1695832726565 0.0 32000
1695832772795 0.0 36000
1695832820077 0.0 40000
1695832867829 0.0 44000
1695832915182 0.0 48000
1695832962235 0.0 52000
1695833010552 0.0 56000
1695833058428 0.0 60000
1695833105395 0.0 64000
1695833151667 0.0 68000
1695833198053 0.0 72000
1695833244549 0.0 76000
1695833290659 0.0 80000
1695833336884 0.0 84000
1695833383429 0.0 88000
1695833431315 0.0 92000
1695833480089 0.0 96000
1695833527592 0.0 100000
1695833575307 0.0 104000
1695833622045 0.0 108000
1695833668661 0.0 112000
1695833716555 0.0 116000
1695833763190 0.0 120000
1695833810050 0.0 124000
1695833857740 0.0 128000
1695833906478 0.0 132000
1695833954108 0.0 136000
1695834000632 0.0 140000
1695834047803 0.0 144000
1695834094410 0.0 148000
1695834141891 0.0 152000
1695834188738 0.0 156000
1695834235397 0.0 160000
1695834282289 0.0 164000
