1695832399346 100.0 4000
1695832445085 100.0 8000
1695832489680 100.0 12000
1695832536988 100.0 16000
1695832583973 100.0 20000
1695832631067 100.0 24000
1695832679575 100.0 28000
1695832726614 100.0 32000
1695832772857 100.0 36000
1695832820138 100.0 40000
1695832867907 100.0 44000
1695832915245 100.0 48000
1695832962302 100.0 52000
1695833010610 100.0 56000
1695833058492 100.0 60000
1695833105458 100.0 64000
1695833151714 100.0 68000
1695833198117 100.0 72000
1695833244598 100.0 76000
1695833290706 100.0 80000
1695833336947 100.0 84000
1695833383494 100.0 88000
1695833431381 100.0 92000
1695833480156 100.0 96000
1695833527655 100.0 100000
1695833575366 100.0 104000
1695833622103 100.0 108000
1695833668717 100.0 112000
1695833716612 100.0 116000
1695833763248 100.0 120000
1695833810109 100.0 124000
1695833857799 100.0 128000
1695833906537 100.0 132000
1695833954165 100.0 136000
1695834000689 100.0 140000
1695834047859 100.0 144000
1695834094466 100.0 148000
1695834141946 100.0 152000
1695834188796 100.0 156000
1695834235454 100.0 160000
1695834282351 100.0 164000
