1695832399371 30.0 4000
1695832445102 30.0 8000
1695832489695 30.0 12000
1695832537004 30.0 16000
1695832583989 30.0 20000
1695832631085 30.0 24000
1695832679592 30.0 28000
1695832726630 30.0 32000
1695832772875 30.0 36000
1695832820153 30.0 40000
1695832867924 30.0 44000
1695832915261 30.0 48000
1695832962318 30.0 52000
1695833010626 30.0 56000
1695833058507 30.0 60000
1695833105459 30.0 64000
1695833151730 30.0 68000
1695833198133 30.0 72000
1695833244613 30.0 76000
1695833290724 30.0 80000
1695833336963 30.0 84000
1695833383509 30.0 88000
1695833431393 30.0 92000
1695833480172 30.0 96000
1695833527673 30.0 100000
1695833575382 30.0 104000
1695833622119 30.0 108000
1695833668733 30.0 112000
1695833716629 30.0 116000
1695833763264 30.0 120000
1695833810124 30.0 124000
1695833857815 30.0 128000
1695833906552 30.0 132000
1695833954182 30.0 136000
1695834000711 30.0 140000
1695834047874 30.0 144000
1695834094482 30.0 148000
1695834141962 30.0 152000
1695834188811 30.0 156000
1695834235470 30.0 160000
1695834282367 30.0 164000
