1695832399331 1.0 4000
1695832445069 1.0 8000
1695832489664 1.0 12000
1695832536973 1.0 16000
1695832583958 1.0 20000
1695832631036 1.0 24000
1695832679560 1.0 28000
1695832726597 1.0 32000
1695832772842 1.0 36000
1695832820122 1.0 40000
1695832867876 1.0 44000
1695832915229 1.0 48000
1695832962275 1.0 52000
1695833010590 1.0 56000
1695833058475 1.0 60000
1695833105427 1.0 64000
1695833151701 1.0 68000
1695833198101 1.0 72000
1695833244582 1.0 76000
1695833290690 1.0 80000
1695833336916 1.0 84000
1695833383477 1.0 88000
1695833431346 1.0 92000
1695833480139 1.0 96000
1695833527639 1.0 100000
1695833575339 1.0 104000
1695833622083 1.0 108000
1695833668698 1.0 112000
1695833716593 1.0 116000
1695833763228 1.0 120000
1695833810088 1.0 124000
1695833857777 1.0 128000
1695833906515 1.0 132000
1695833954146 1.0 136000
1695834000669 1.0 140000
1695834047840 1.0 144000
1695834094446 1.0 148000
1695834141927 1.0 152000
1695834188776 1.0 156000
1695834235434 1.0 160000
1695834282331 1.0 164000
