1695832399325 67108864.0 4000
1695832445054 67108864.0 8000
1695832489664 67108864.0 12000
1695832536957 67108864.0 16000
1695832583958 67108864.0 20000
1695832631036 67108864.0 24000
1695832679544 67108864.0 28000
1695832726597 67108864.0 32000
1695832772842 67108864.0 36000
1695832820122 67108864.0 40000
1695832867876 67108864.0 44000
1695832915214 67108864.0 48000
1695832962274 67108864.0 52000
1695833010585 67108864.0 56000
1695833058475 67108864.0 60000
1695833105427 67108864.0 64000
1695833151701 67108864.0 68000
1695833198084 67108864.0 72000
1695833244582 67108864.0 76000
1695833290690 67108864.0 80000
1695833336916 67108864.0 84000
1695833383476 67108864.0 88000
1695833431346 67108864.0 92000
1695833480122 67108864.0 96000
1695833527639 67108864.0 100000
1695833575339 67108864.0 104000
1695833622078 67108864.0 108000
1695833668694 67108864.0 112000
1695833716588 67108864.0 116000
1695833763223 67108864.0 120000
1695833810084 67108864.0 124000
1695833857773 67108864.0 128000
1695833906511 67108864.0 132000
1695833954141 67108864.0 136000
1695834000665 67108864.0 140000
1695834047836 67108864.0 144000
1695834094442 67108864.0 148000
1695834141922 67108864.0 152000
1695834188771 67108864.0 156000
1695834235429 67108864.0 160000
1695834282322 67108864.0 164000
