1695832399320 0.0 4000
1695832445054 0.0 8000
1695832489664 0.0 12000
1695832536957 0.0 16000
1695832583942 0.0 20000
1695832631036 0.0 24000
1695832679544 0.0 28000
1695832726597 0.0 32000
1695832772826 0.0 36000
1695832820107 0.0 40000
1695832867860 0.0 44000
1695832915214 0.0 48000
1695832962269 0.0 52000
1695833010582 0.0 56000
1695833058459 0.0 60000
1695833105427 0.0 64000
1695833151698 0.0 68000
1695833198084 0.0 72000
1695833244566 0.0 76000
1695833290674 0.0 80000
1695833336916 0.0 84000
1695833383460 0.0 88000
1695833431346 0.0 92000
1695833480122 0.0 96000
1695833527624 0.0 100000
1695833575324 0.0 104000
1695833622075 0.0 108000
1695833668690 0.0 112000
1695833716584 0.0 116000
1695833763219 0.0 120000
1695833810080 0.0 124000
1695833857769 0.0 128000
1695833906507 0.0 132000
1695833954137 0.0 136000
1695834000661 0.0 140000
1695834047832 0.0 144000
1695834094438 0.0 148000
1695834141919 0.0 152000
1695834188767 0.0 156000
1695834235426 0.0 160000
1695834282318 0.0 164000
