1695832399307 0.0 4000
1695832445046 0.0 8000
1695832489648 0.0 12000
1695832536942 0.0 16000
1695832583942 0.0 20000
1695832631020 0.0 24000
1695832679544 0.0 28000
1695832726581 0.0 32000
1695832772826 0.0 36000
1695832820105 0.0 40000
1695832867860 0.0 44000
1695832915198 0.0 48000
1695832962256 0.0 52000
1695833010570 0.0 56000
1695833058459 0.0 60000
1695833105411 0.0 64000
1695833151683 0.0 68000
1695833198069 0.0 72000
1695833244566 0.0 76000
1695833290674 0.0 80000
1695833336900 0.0 84000
1695833383460 0.0 88000
1695833431330 0.0 92000
1695833480106 0.0 96000
1695833527624 0.0 100000
1695833575324 0.0 104000
1695833622064 0.0 108000
1695833668679 0.0 112000
1695833716573 0.0 116000
1695833763208 0.0 120000
1695833810069 0.0 124000
1695833857757 0.0 128000
1695833906496 0.0 132000
1695833954126 0.0 136000
1695834000650 0.0 140000
1695834047821 0.0 144000
1695834094428 0.0 148000
1695834141908 0.0 152000
1695834188756 0.0 156000
1695834235414 0.0 160000
1695834282306 0.0 164000
