1695832399346 0.0 4000
1695832445085 0.0 8000
1695832489680 0.0 12000
1695832536988 0.0 16000
1695832583973 0.0 20000
1695832631067 0.0 24000
1695832679575 0.0 28000
1695832726614 0.0 32000
1695832772857 0.0 36000
1695832820138 0.0 40000
1695832867907 0.0 44000
1695832915245 0.0 48000
1695832962302 0.0 52000
1695833010609 0.0 56000
1695833058492 0.0 60000
1695833105442 0.0 64000
1695833151714 0.0 68000
1695833198117 0.0 72000
1695833244598 0.0 76000
1695833290706 0.0 80000
1695833336947 0.0 84000
1695833383494 0.0 88000
1695833431380 0.0 92000
1695833480156 0.0 96000
1695833527655 0.0 100000
1695833575356 0.0 104000
1695833622102 0.0 108000
1695833668716 0.0 112000
1695833716611 0.0 116000
1695833763247 0.0 120000
1695833810108 0.0 124000
1695833857798 0.0 128000
1695833906536 0.0 132000
1695833954164 0.0 136000
1695834000688 0.0 140000
1695834047858 0.0 144000
1695834094465 0.0 148000
1695834141945 0.0 152000
1695834188795 0.0 156000
1695834235453 0.0 160000
1695834282350 0.0 164000
