1695832399370 128.0 4000
1695832445102 128.0 8000
1695832489695 128.0 12000
1695832537004 128.0 16000
1695832583989 128.0 20000
1695832631085 128.0 24000
1695832679592 128.0 28000
1695832726630 128.0 32000
1695832772875 128.0 36000
1695832820153 128.0 40000
1695832867924 128.0 44000
1695832915261 128.0 48000
1695832962318 128.0 52000
1695833010625 128.0 56000
1695833058507 128.0 60000
1695833105459 128.0 64000
1695833151730 128.0 68000
1695833198133 128.0 72000
1695833244613 128.0 76000
1695833290724 128.0 80000
1695833336963 128.0 84000
1695833383509 128.0 88000
1695833431393 128.0 92000
1695833480172 128.0 96000
1695833527673 128.0 100000
1695833575381 128.0 104000
1695833622118 128.0 108000
1695833668732 128.0 112000
1695833716628 128.0 116000
1695833763264 128.0 120000
1695833810123 128.0 124000
1695833857814 128.0 128000
1695833906552 128.0 132000
1695833954181 128.0 136000
1695834000710 128.0 140000
1695834047873 128.0 144000
1695834094481 128.0 148000
1695834141961 128.0 152000
1695834188810 128.0 156000
1695834235469 128.0 160000
1695834282366 128.0 164000
