1695832399310 1.0 4000
1695832445046 1.0 8000
1695832489648 1.0 12000
1695832536942 1.0 16000
1695832583942 1.0 20000
1695832631020 1.0 24000
1695832679544 1.0 28000
1695832726581 1.0 32000
1695832772826 1.0 36000
1695832820107 1.0 40000
1695832867860 1.0 44000
1695832915198 1.0 48000
1695832962259 1.0 52000
1695833010572 1.0 56000
1695833058459 1.0 60000
1695833105411 1.0 64000
1695833151683 1.0 68000
1695833198084 1.0 72000
1695833244566 1.0 76000
1695833290674 1.0 80000
1695833336911 1.0 84000
1695833383460 1.0 88000
1695833431330 1.0 92000
1695833480122 1.0 96000
1695833527624 1.0 100000
1695833575324 1.0 104000
1695833622066 1.0 108000
1695833668682 1.0 112000
1695833716575 1.0 116000
1695833763210 1.0 120000
1695833810072 1.0 124000
1695833857760 1.0 128000
1695833906499 1.0 132000
1695833954129 1.0 136000
1695834000653 1.0 140000
1695834047824 1.0 144000
1695834094430 1.0 148000
1695834141910 1.0 152000
1695834188759 1.0 156000
1695834235417 1.0 160000
1695834282309 1.0 164000
