1695832399316 4000.0 4000
1695832445054 4000.0 8000
1695832489648 4000.0 12000
1695832536957 4000.0 16000
1695832583942 4000.0 20000
1695832631036 4000.0 24000
1695832679544 4000.0 28000
1695832726581 4000.0 32000
1695832772826 4000.0 36000
1695832820107 4000.0 40000
1695832867860 4000.0 44000
1695832915214 4000.0 48000
1695832962264 4000.0 52000
1695833010578 4000.0 56000
1695833058459 4000.0 60000
1695833105411 4000.0 64000
1695833151683 4000.0 68000
1695833198084 4000.0 72000
1695833244566 4000.0 76000
1695833290674 4000.0 80000
1695833336916 4000.0 84000
1695833383460 4000.0 88000
1695833431346 4000.0 92000
1695833480122 4000.0 96000
1695833527624 4000.0 100000
1695833575324 4000.0 104000
1695833622071 4000.0 108000
1695833668686 4000.0 112000
1695833716580 4000.0 116000
1695833763215 4000.0 120000
1695833810076 4000.0 124000
1695833857766 4000.0 128000
1695833906503 4000.0 132000
1695833954134 4000.0 136000
1695834000657 4000.0 140000
1695834047829 4000.0 144000
1695834094435 4000.0 148000
1695834141915 4000.0 152000
1695834188764 4000.0 156000
1695834235422 4000.0 160000
1695834282314 4000.0 164000
