1695832399368 1.0 4000
1695832445102 1.0 8000
1695832489695 1.0 12000
1695832537004 1.0 16000
1695832583989 1.0 20000
1695832631085 1.0 24000
1695832679592 1.0 28000
1695832726630 1.0 32000
1695832772875 1.0 36000
1695832820153 1.0 40000
1695832867924 1.0 44000
1695832915261 1.0 48000
1695832962302 1.0 52000
1695833010623 1.0 56000
1695833058507 1.0 60000
1695833105459 1.0 64000
1695833151730 1.0 68000
1695833198133 1.0 72000
1695833244613 1.0 76000
1695833290724 1.0 80000
1695833336947 1.0 84000
1695833383509 1.0 88000
1695833431393 1.0 92000
1695833480172 1.0 96000
1695833527673 1.0 100000
1695833575379 1.0 104000
1695833622116 1.0 108000
1695833668730 1.0 112000
1695833716626 1.0 116000
1695833763261 1.0 120000
1695833810121 1.0 124000
1695833857812 1.0 128000
1695833906550 1.0 132000
1695833954179 1.0 136000
1695834000708 1.0 140000
1695834047872 1.0 144000
1695834094479 1.0 148000
1695834141959 1.0 152000
1695834188809 1.0 156000
1695834235467 1.0 160000
1695834282364 1.0 164000
