1695832399376 10.0 4000
1695832445102 10.0 8000
1695832489711 10.0 12000
1695832537004 10.0 16000
1695832584004 10.0 20000
1695832631085 10.0 24000
1695832679592 10.0 28000
1695832726646 10.0 32000
1695832772887 10.0 36000
1695832820153 10.0 40000
1695832867924 10.0 44000
1695832915261 10.0 48000
1695832962318 10.0 52000
1695833010631 10.0 56000
1695833058523 10.0 60000
1695833105475 10.0 64000
1695833151746 10.0 68000
1695833198133 10.0 72000
1695833244613 10.0 76000
1695833290738 10.0 80000
1695833336963 10.0 84000
1695833383509 10.0 88000
1695833431393 10.0 92000
1695833480189 10.0 96000
1695833527688 10.0 100000
1695833575388 10.0 104000
1695833622124 10.0 108000
1695833668738 10.0 112000
1695833716633 10.0 116000
1695833763269 10.0 120000
1695833810128 10.0 124000
1695833857820 10.0 128000
1695833906561 10.0 132000
1695833954187 10.0 136000
1695834000715 10.0 140000
1695834047879 10.0 144000
1695834094486 10.0 148000
1695834141967 10.0 152000
1695834188815 10.0 156000
1695834235475 10.0 160000
1695834282372 10.0 164000
