1695832399373 1.0 4000
1695832445102 1.0 8000
1695832489711 1.0 12000
1695832537004 1.0 16000
1695832583989 1.0 20000
1695832631085 1.0 24000
1695832679592 1.0 28000
1695832726646 1.0 32000
1695832772875 1.0 36000
1695832820153 1.0 40000
1695832867924 1.0 44000
1695832915261 1.0 48000
1695832962318 1.0 52000
1695833010628 1.0 56000
1695833058521 1.0 60000
1695833105475 1.0 64000
1695833151730 1.0 68000
1695833198133 1.0 72000
1695833244613 1.0 76000
1695833290724 1.0 80000
1695833336963 1.0 84000
1695833383509 1.0 88000
1695833431393 1.0 92000
1695833480172 1.0 96000
1695833527673 1.0 100000
1695833575384 1.0 104000
1695833622121 1.0 108000
1695833668735 1.0 112000
1695833716631 1.0 116000
1695833763266 1.0 120000
1695833810125 1.0 124000
1695833857817 1.0 128000
1695833906554 1.0 132000
1695833954184 1.0 136000
1695834000713 1.0 140000
1695834047876 1.0 144000
1695834094483 1.0 148000
1695834141964 1.0 152000
1695834188813 1.0 156000
1695834235472 1.0 160000
1695834282369 1.0 164000
