1695832399346 1800.0 4000
1695832445085 1800.0 8000
1695832489695 1800.0 12000
1695832536988 1800.0 16000
1695832583973 1800.0 20000
1695832631067 1800.0 24000
1695832679575 1800.0 28000
1695832726630 1800.0 32000
1695832772857 1800.0 36000
1695832820138 1800.0 40000
1695832867913 1800.0 44000
1695832915245 1800.0 48000
1695832962302 1800.0 52000
1695833010612 1800.0 56000
1695833058492 1800.0 60000
1695833105459 1800.0 64000
1695833151714 1800.0 68000
1695833198117 1800.0 72000
1695833244598 1800.0 76000
1695833290706 1800.0 80000
1695833336947 1800.0 84000
1695833383494 1800.0 88000
1695833431383 1800.0 92000
1695833480156 1800.0 96000
1695833527655 1800.0 100000
1695833575367 1800.0 104000
1695833622105 1800.0 108000
1695833668719 1800.0 112000
1695833716614 1800.0 116000
1695833763250 1800.0 120000
1695833810110 1800.0 124000
1695833857801 1800.0 128000
1695833906539 1800.0 132000
1695833954167 1800.0 136000
1695834000691 1800.0 140000
1695834047860 1800.0 144000
1695834094468 1800.0 148000
1695834141948 1800.0 152000
1695834188798 1800.0 156000
1695834235456 1800.0 160000
1695834282353 1800.0 164000
