1695830818279 0.0 4000
1695830862849 0.0 8000
1695830907572 0.0 12000
1695830954135 0.0 16000
1695831002519 0.0 20000
1695831049656 0.0 24000
1695831097173 0.0 28000
1695831144668 0.0 32000
1695831191173 0.0 36000
1695831240858 0.0 40000
1695831287517 0.0 44000
1695831333791 0.0 48000
1695831380588 0.0 52000
1695831430443 0.0 56000
1695831477603 0.0 60000
1695831525763 0.0 64000
1695831573130 0.0 68000
1695831620391 0.0 72000
1695831667812 0.0 76000
1695831715901 0.0 80000
1695831763009 0.0 84000
1695831811146 0.0 88000
1695831859769 0.0 92000
1695831908209 0.0 96000
1695831955897 0.0 100000
1695832003202 0.0 104000
1695832050468 0.0 108000
1695832097671 0.0 112000
1695832144962 0.0 116000
1695832192679 0.0 120000
