1695830818342 0.0 4000
1695830862916 0.0 8000
1695830907637 0.0 12000
1695830954184 0.0 16000
1695831002597 0.0 20000
1695831049727 0.0 24000
1695831097234 0.0 28000
1695831144732 0.0 32000
1695831191221 0.0 36000
1695831240922 0.0 40000
1695831287580 0.0 44000
1695831333839 0.0 48000
1695831380637 0.0 52000
1695831430490 0.0 56000
1695831477662 0.0 60000
1695831525821 0.0 64000
1695831573202 0.0 68000
1695831620453 0.0 72000
1695831667876 0.0 76000
1695831715965 0.0 80000
1695831763072 0.0 84000
1695831811201 0.0 88000
1695831859830 0.0 92000
1695831908273 0.0 96000
1695831955961 0.0 100000
1695832003256 0.0 104000
1695832050525 0.0 108000
1695832097736 0.0 112000
1695832145018 0.0 116000
1695832192754 0.0 120000
