1695830818294 1.0 4000
1695830862866 1.0 8000
1695830907589 1.0 12000
1695830954135 1.0 16000
1695831002534 1.0 20000
1695831049672 1.0 24000
1695831097184 1.0 28000
1695831144683 1.0 32000
1695831191173 1.0 36000
1695831240874 1.0 40000
1695831287533 1.0 44000
1695831333791 1.0 48000
1695831380594 1.0 52000
1695831430443 1.0 56000
1695831477619 1.0 60000
1695831525774 1.0 64000
1695831573146 1.0 68000
1695831620406 1.0 72000
1695831667828 1.0 76000
1695831715916 1.0 80000
1695831763009 1.0 84000
1695831811146 1.0 88000
1695831859780 1.0 92000
1695831908225 1.0 96000
1695831955914 1.0 100000
1695832003218 1.0 104000
1695832050468 1.0 108000
1695832097688 1.0 112000
1695832144972 1.0 116000
1695832192695 1.0 120000
