1695830818359 0.3 4000
1695830862918 0.3 8000
1695830907653 0.3 12000
1695830954199 0.3 16000
1695831002613 0.3 20000
1695831049743 0.3 24000
1695831097251 0.3 28000
1695831144748 0.3 32000
1695831191237 0.3 36000
1695831240938 0.3 40000
1695831287595 0.3 44000
1695831333855 0.3 48000
1695831380653 0.3 52000
1695831430506 0.3 56000
1695831477666 0.3 60000
1695831525838 0.3 64000
1695831573213 0.3 68000
1695831620469 0.3 72000
1695831667891 0.3 76000
1695831715981 0.3 80000
1695831763095 0.3 84000
1695831811210 0.3 88000
1695831859846 0.3 92000
1695831908289 0.3 96000
1695831955977 0.3 100000
1695832003272 0.3 104000
1695832050543 0.3 108000
1695832097751 0.3 112000
1695832145034 0.3 116000
1695832192771 0.3 120000
