1695830818279 20.0 4000
1695830862849 20.0 8000
1695830907581 20.0 12000
1695830954135 20.0 16000
1695831002534 20.0 20000
1695831049672 20.0 24000
1695831097179 20.0 28000
1695831144668 20.0 32000
1695831191173 20.0 36000
1695831240858 20.0 40000
1695831287517 20.0 44000
1695831333791 20.0 48000
1695831380594 20.0 52000
1695831430443 20.0 56000
1695831477603 20.0 60000
1695831525769 20.0 64000
1695831573146 20.0 68000
1695831620391 20.0 72000
1695831667812 20.0 76000
1695831715916 20.0 80000
1695831763009 20.0 84000
1695831811146 20.0 88000
1695831859774 20.0 92000
1695831908225 20.0 96000
1695831955913 20.0 100000
1695832003202 20.0 104000
1695832050468 20.0 108000
1695832097688 20.0 112000
1695832144962 20.0 116000
1695832192695 20.0 120000
