1695830818359 0.0 4000
1695830862918 0.0 8000
1695830907653 0.0 12000
1695830954199 0.0 16000
1695831002613 0.0 20000
1695831049742 0.0 24000
1695831097250 0.0 28000
1695831144748 0.0 32000
1695831191237 0.0 36000
1695831240938 0.0 40000
1695831287595 0.0 44000
1695831333855 0.0 48000
1695831380653 0.0 52000
1695831430506 0.0 56000
1695831477666 0.0 60000
1695831525837 0.0 64000
1695831573213 0.0 68000
1695831620456 0.0 72000
1695831667891 0.0 76000
1695831715981 0.0 80000
1695831763094 0.0 84000
1695831811210 0.0 88000
1695831859845 0.0 92000
1695831908289 0.0 96000
1695831955977 0.0 100000
1695832003272 0.0 104000
1695832050542 0.0 108000
1695832097751 0.0 112000
1695832145034 0.0 116000
1695832192769 0.0 120000
