1695830818310 1.0 4000
1695830862882 1.0 8000
1695830907604 1.0 12000
1695830954152 1.0 16000
1695831002550 1.0 20000
1695831049689 1.0 24000
1695831097199 1.0 28000
1695831144700 1.0 32000
1695831191188 1.0 36000
1695831240890 1.0 40000
1695831287548 1.0 44000
1695831333808 1.0 48000
1695831380604 1.0 52000
1695831430469 1.0 56000
1695831477619 1.0 60000
1695831525788 1.0 64000
1695831573163 1.0 68000
1695831620406 1.0 72000
1695831667843 1.0 76000
1695831715932 1.0 80000
1695831763041 1.0 84000
1695831811162 1.0 88000
1695831859793 1.0 92000
1695831908245 1.0 96000
1695831955929 1.0 100000
1695832003219 1.0 104000
1695832050484 1.0 108000
1695832097704 1.0 112000
1695832144987 1.0 116000
1695832192721 1.0 120000
