1695830818294 0.99 4000
1695830862866 0.99 8000
1695830907589 0.99 12000
1695830954152 0.99 16000
1695831002550 0.99 20000
1695831049689 0.99 24000
1695831097195 0.99 28000
1695831144683 0.99 32000
1695831191188 0.99 36000
1695831240882 0.99 40000
1695831287533 0.99 44000
1695831333808 0.99 48000
1695831380604 0.99 52000
1695831430459 0.99 56000
1695831477619 0.99 60000
1695831525783 0.99 64000
1695831573163 0.99 68000
1695831620406 0.99 72000
1695831667828 0.99 76000
1695831715932 0.99 80000
1695831763025 0.99 84000
1695831811162 0.99 88000
1695831859790 0.99 92000
1695831908245 0.99 96000
1695831955929 0.99 100000
1695832003219 0.99 104000
1695832050484 0.99 108000
1695832097704 0.99 112000
1695832144972 0.99 116000
1695832192716 0.99 120000
