1695830818359 0.2 4000
1695830862918 0.2 8000
1695830907637 0.2 12000
1695830954199 0.2 16000
1695831002607 0.2 20000
1695831049737 0.2 24000
1695831097244 0.2 28000
1695831144739 0.2 32000
1695831191237 0.2 36000
1695831240922 0.2 40000
1695831287580 0.2 44000
1695831333855 0.2 48000
1695831380653 0.2 52000
1695831430506 0.2 56000
1695831477666 0.2 60000
1695831525832 0.2 64000
1695831573213 0.2 68000
1695831620456 0.2 72000
1695831667891 0.2 76000
1695831715981 0.2 80000
1695831763089 0.2 84000
1695831811210 0.2 88000
1695831859840 0.2 92000
1695831908289 0.2 96000
1695831955977 0.2 100000
1695832003272 0.2 104000
1695832050538 0.2 108000
1695832097751 0.2 112000
1695832145018 0.2 116000
1695832192764 0.2 120000
