1695830818359 0.01 4000
1695830862918 0.01 8000
1695830907653 0.01 12000
1695830954199 0.01 16000
1695831002613 0.01 20000
1695831049744 0.01 24000
1695831097253 0.01 28000
1695831144748 0.01 32000
1695831191237 0.01 36000
1695831240938 0.01 40000
1695831287595 0.01 44000
1695831333855 0.01 48000
1695831380653 0.01 52000
1695831430506 0.01 56000
1695831477682 0.01 60000
1695831525840 0.01 64000
1695831573213 0.01 68000
1695831620469 0.01 72000
1695831667891 0.01 76000
1695831715981 0.01 80000
1695831763097 0.01 84000
1695831811210 0.01 88000
1695831859848 0.01 92000
1695831908305 0.01 96000
1695831955977 0.01 100000
1695832003272 0.01 104000
1695832050545 0.01 108000
1695832097751 0.01 112000
1695832145034 0.01 116000
1695832192773 0.01 120000
