1695830818294 5e-05 4000
1695830862866 5e-05 8000
1695830907589 5e-05 12000
1695830954152 5e-05 16000
1695831002550 5e-05 20000
1695831049689 5e-05 24000
1695831097196 5e-05 28000
1695831144683 5e-05 32000
1695831191188 5e-05 36000
1695831240882 5e-05 40000
1695831287533 5e-05 44000
1695831333808 5e-05 48000
1695831380604 5e-05 52000
1695831430459 5e-05 56000
1695831477619 5e-05 60000
1695831525784 5e-05 64000
1695831573163 5e-05 68000
1695831620406 5e-05 72000
1695831667843 5e-05 76000
1695831715932 5e-05 80000
1695831763025 5e-05 84000
1695831811162 5e-05 88000
1695831859791 5e-05 92000
1695831908245 5e-05 96000
1695831955929 5e-05 100000
1695832003219 5e-05 104000
1695832050484 5e-05 108000
1695832097704 5e-05 112000
1695832144972 5e-05 116000
1695832192717 5e-05 120000
