1695830818342 1000.0 4000
1695830862898 1000.0 8000
1695830907621 1000.0 12000
1695830954184 1000.0 16000
1695831002581 1000.0 20000
1695831049721 1000.0 24000
1695831097228 1000.0 28000
1695831144716 1000.0 32000
1695831191221 1000.0 36000
1695831240907 1000.0 40000
1695831287564 1000.0 44000
1695831333839 1000.0 48000
1695831380637 1000.0 52000
1695831430490 1000.0 56000
1695831477650 1000.0 60000
1695831525814 1000.0 64000
1695831573196 1000.0 68000
1695831620438 1000.0 72000
1695831667859 1000.0 76000
1695831715965 1000.0 80000
1695831763056 1000.0 84000
1695831811201 1000.0 88000
1695831859810 1000.0 92000
1695831908273 1000.0 96000
1695831955961 1000.0 100000
1695832003256 1000.0 104000
1695832050515 1000.0 108000
1695832097736 1000.0 112000
1695832145003 1000.0 116000
1695832192747 1000.0 120000
