1695830818326 100.0 4000
1695830862898 100.0 8000
1695830907621 100.0 12000
1695830954169 100.0 16000
1695831002566 100.0 20000
1695831049705 100.0 24000
1695831097217 100.0 28000
1695831144716 100.0 32000
1695831191205 100.0 36000
1695831240907 100.0 40000
1695831287564 100.0 44000
1695831333823 100.0 48000
1695831380620 100.0 52000
1695831430475 100.0 56000
1695831477635 100.0 60000
1695831525804 100.0 64000
1695831573180 100.0 68000
1695831620438 100.0 72000
1695831667859 100.0 76000
1695831715958 100.0 80000
1695831763056 100.0 84000
1695831811178 100.0 88000
1695831859810 100.0 92000
1695831908266 100.0 96000
1695831955948 100.0 100000
1695832003249 100.0 104000
1695832050499 100.0 108000
1695832097720 100.0 112000
1695832145003 100.0 116000
1695832192738 100.0 120000
