1695830818326 60.0 4000
1695830862898 60.0 8000
1695830907621 60.0 12000
1695830954169 60.0 16000
1695831002566 60.0 20000
1695831049705 60.0 24000
1695831097216 60.0 28000
1695831144716 60.0 32000
1695831191205 60.0 36000
1695831240907 60.0 40000
1695831287564 60.0 44000
1695831333823 60.0 48000
1695831380620 60.0 52000
1695831430475 60.0 56000
1695831477635 60.0 60000
1695831525804 60.0 64000
1695831573180 60.0 68000
1695831620422 60.0 72000
1695831667859 60.0 76000
1695831715958 60.0 80000
1695831763056 60.0 84000
1695831811178 60.0 88000
1695831859810 60.0 92000
1695831908266 60.0 96000
1695831955948 60.0 100000
1695832003248 60.0 104000
1695832050499 60.0 108000
1695832097720 60.0 112000
1695832145003 60.0 116000
1695832192737 60.0 120000
