1695830818326 0.0 4000
1695830862898 0.0 8000
1695830907621 0.0 12000
1695830954169 0.0 16000
1695831002581 0.0 20000
1695831049713 0.0 24000
1695831097219 0.0 28000
1695831144716 0.0 32000
1695831191205 0.0 36000
1695831240907 0.0 40000
1695831287564 0.0 44000
1695831333823 0.0 48000
1695831380636 0.0 52000
1695831430475 0.0 56000
1695831477650 0.0 60000
1695831525806 0.0 64000
1695831573180 0.0 68000
1695831620438 0.0 72000
1695831667859 0.0 76000
1695831715958 0.0 80000
1695831763056 0.0 84000
1695831811193 0.0 88000
1695831859810 0.0 92000
1695831908266 0.0 96000
1695831955948 0.0 100000
1695832003251 0.0 104000
1695832050499 0.0 108000
1695832097720 0.0 112000
1695832145003 0.0 116000
1695832192740 0.0 120000
