1695830818342 100.0 4000
1695830862898 100.0 8000
1695830907621 100.0 12000
1695830954184 100.0 16000
1695831002581 100.0 20000
1695831049724 100.0 24000
1695831097231 100.0 28000
1695831144716 100.0 32000
1695831191221 100.0 36000
1695831240907 100.0 40000
1695831287564 100.0 44000
1695831333839 100.0 48000
1695831380637 100.0 52000
1695831430490 100.0 56000
1695831477650 100.0 60000
1695831525817 100.0 64000
1695831573197 100.0 68000
1695831620438 100.0 72000
1695831667876 100.0 76000
1695831715965 100.0 80000
1695831763072 100.0 84000
1695831811201 100.0 88000
1695831859826 100.0 92000
1695831908273 100.0 96000
1695831955961 100.0 100000
1695832003256 100.0 104000
1695832050515 100.0 108000
1695832097736 100.0 112000
1695832145003 100.0 116000
1695832192750 100.0 120000
