1695830818375 10.0 4000
1695830862934 10.0 8000
1695830907653 10.0 12000
1695830954215 10.0 16000
1695831002613 10.0 20000
1695831049744 10.0 24000
1695831097258 10.0 28000
1695831144748 10.0 32000
1695831191252 10.0 36000
1695831240938 10.0 40000
1695831287595 10.0 44000
1695831333871 10.0 48000
1695831380668 10.0 52000
1695831430522 10.0 56000
1695831477682 10.0 60000
1695831525846 10.0 64000
1695831573230 10.0 68000
1695831620469 10.0 72000
1695831667899 10.0 76000
1695831715996 10.0 80000
1695831763102 10.0 84000
1695831811226 10.0 88000
1695831859852 10.0 92000
1695831908305 10.0 96000
1695831955977 10.0 100000
1695832003272 10.0 104000
1695832050550 10.0 108000
1695832097767 10.0 112000
1695832145034 10.0 116000
1695832192776 10.0 120000
