1695830818359 30.0 4000
1695830862918 30.0 8000
1695830907637 30.0 12000
1695830954199 30.0 16000
1695831002607 30.0 20000
1695831049739 30.0 24000
1695831097247 30.0 28000
1695831144739 30.0 32000
1695831191237 30.0 36000
1695831240922 30.0 40000
1695831287580 30.0 44000
1695831333855 30.0 48000
1695831380653 30.0 52000
1695831430506 30.0 56000
1695831477666 30.0 60000
1695831525834 30.0 64000
1695831573213 30.0 68000
1695831620456 30.0 72000
1695831667891 30.0 76000
1695831715981 30.0 80000
1695831763091 30.0 84000
1695831811210 30.0 88000
1695831859843 30.0 92000
1695831908289 30.0 96000
1695831955977 30.0 100000
1695832003272 30.0 104000
1695832050539 30.0 108000
1695832097751 30.0 112000
1695832145018 30.0 116000
1695832192766 30.0 120000
