1695830818310 67108864.0 4000
1695830862882 67108864.0 8000
1695830907604 67108864.0 12000
1695830954152 67108864.0 16000
1695831002566 67108864.0 20000
1695831049689 67108864.0 24000
1695831097204 67108864.0 28000
1695831144700 67108864.0 32000
1695831191205 67108864.0 36000
1695831240890 67108864.0 40000
1695831287548 67108864.0 44000
1695831333808 67108864.0 48000
1695831380620 67108864.0 52000
1695831430469 67108864.0 56000
1695831477635 67108864.0 60000
1695831525792 67108864.0 64000
1695831573163 67108864.0 68000
1695831620422 67108864.0 72000
1695831667843 67108864.0 76000
1695831715932 67108864.0 80000
1695831763041 67108864.0 84000
1695831811178 67108864.0 88000
1695831859793 67108864.0 92000
1695831908245 67108864.0 96000
1695831955929 67108864.0 100000
1695832003237 67108864.0 104000
1695832050484 67108864.0 108000
1695832097704 67108864.0 112000
1695832144987 67108864.0 116000
1695832192726 67108864.0 120000
