1695830818294 0.0 4000
1695830862866 0.0 8000
1695830907589 0.0 12000
1695830954152 0.0 16000
1695831002550 0.0 20000
1695831049672 0.0 24000
1695831097188 0.0 28000
1695831144683 0.0 32000
1695831191188 0.0 36000
1695831240874 0.0 40000
1695831287533 0.0 44000
1695831333791 0.0 48000
1695831380604 0.0 52000
1695831430459 0.0 56000
1695831477619 0.0 60000
1695831525778 0.0 64000
1695831573146 0.0 68000
1695831620406 0.0 72000
1695831667828 0.0 76000
1695831715916 0.0 80000
1695831763025 0.0 84000
1695831811162 0.0 88000
1695831859784 0.0 92000
1695831908225 0.0 96000
1695831955914 0.0 100000
1695832003219 0.0 104000
1695832050484 0.0 108000
1695832097700 0.0 112000
1695832144972 0.0 116000
1695832192710 0.0 120000
