1695830818359 128.0 4000
1695830862918 128.0 8000
1695830907637 128.0 12000
1695830954199 128.0 16000
1695831002607 128.0 20000
1695831049738 128.0 24000
1695831097245 128.0 28000
1695831144739 128.0 32000
1695831191237 128.0 36000
1695831240922 128.0 40000
1695831287580 128.0 44000
1695831333855 128.0 48000
1695831380653 128.0 52000
1695831430506 128.0 56000
1695831477666 128.0 60000
1695831525833 128.0 64000
1695831573213 128.0 68000
1695831620456 128.0 72000
1695831667891 128.0 76000
1695831715981 128.0 80000
1695831763090 128.0 84000
1695831811210 128.0 88000
1695831859841 128.0 92000
1695831908289 128.0 96000
1695831955977 128.0 100000
1695832003272 128.0 104000
1695832050539 128.0 108000
1695832097751 128.0 112000
1695832145018 128.0 116000
1695832192765 128.0 120000
