1695830818358 1.0 4000
1695830862918 1.0 8000
1695830907637 1.0 12000
1695830954184 1.0 16000
1695831002598 1.0 20000
1695831049732 1.0 24000
1695831097239 1.0 28000
1695831144732 1.0 32000
1695831191237 1.0 36000
1695831240922 1.0 40000
1695831287580 1.0 44000
1695831333854 1.0 48000
1695831380653 1.0 52000
1695831430506 1.0 56000
1695831477666 1.0 60000
1695831525825 1.0 64000
1695831573202 1.0 68000
1695831620456 1.0 72000
1695831667876 1.0 76000
1695831715981 1.0 80000
1695831763072 1.0 84000
1695831811210 1.0 88000
1695831859835 1.0 92000
1695831908289 1.0 96000
1695831955961 1.0 100000
1695832003256 1.0 104000
1695832050532 1.0 108000
1695832097736 1.0 112000
1695832145018 1.0 116000
1695832192758 1.0 120000
