1695830818294 4000.0 4000
1695830862866 4000.0 8000
1695830907589 4000.0 12000
1695830954152 4000.0 16000
1695831002550 4000.0 20000
1695831049689 4000.0 24000
1695831097197 4000.0 28000
1695831144683 4000.0 32000
1695831191188 4000.0 36000
1695831240882 4000.0 40000
1695831287533 4000.0 44000
1695831333808 4000.0 48000
1695831380604 4000.0 52000
1695831430459 4000.0 56000
1695831477619 4000.0 60000
1695831525785 4000.0 64000
1695831573163 4000.0 68000
1695831620406 4000.0 72000
1695831667843 4000.0 76000
1695831715932 4000.0 80000
1695831763025 4000.0 84000
1695831811162 4000.0 88000
1695831859792 4000.0 92000
1695831908245 4000.0 96000
1695831955929 4000.0 100000
1695832003219 4000.0 104000
1695832050484 4000.0 108000
1695832097704 4000.0 112000
1695832144972 4000.0 116000
1695832192718 4000.0 120000
