1695830818359 10.0 4000
1695830862918 10.0 8000
1695830907653 10.0 12000
1695830954199 10.0 16000
1695831002613 10.0 20000
1695831049744 10.0 24000
1695831097252 10.0 28000
1695831144748 10.0 32000
1695831191237 10.0 36000
1695831240938 10.0 40000
1695831287595 10.0 44000
1695831333855 10.0 48000
1695831380653 10.0 52000
1695831430506 10.0 56000
1695831477666 10.0 60000
1695831525839 10.0 64000
1695831573213 10.0 68000
1695831620469 10.0 72000
1695831667891 10.0 76000
1695831715981 10.0 80000
1695831763096 10.0 84000
1695831811210 10.0 88000
1695831859847 10.0 92000
1695831908289 10.0 96000
1695831955977 10.0 100000
1695832003272 10.0 104000
1695832050544 10.0 108000
1695832097751 10.0 112000
1695832145034 10.0 116000
1695832192771 10.0 120000
