1695830818359 -1.0 4000
1695830862934 -1.0 8000
1695830907653 -1.0 12000
1695830954199 -1.0 16000
1695831002613 -1.0 20000
1695831049744 -1.0 24000
1695831097254 -1.0 28000
1695831144748 -1.0 32000
1695831191237 -1.0 36000
1695831240938 -1.0 40000
1695831287595 -1.0 44000
1695831333855 -1.0 48000
1695831380653 -1.0 52000
1695831430522 -1.0 56000
1695831477682 -1.0 60000
1695831525841 -1.0 64000
1695831573213 -1.0 68000
1695831620469 -1.0 72000
1695831667899 -1.0 76000
1695831715981 -1.0 80000
1695831763098 -1.0 84000
1695831811210 -1.0 88000
1695831859849 -1.0 92000
1695831908305 -1.0 96000
1695831955977 -1.0 100000
1695832003272 -1.0 104000
1695832050546 -1.0 108000
1695832097751 -1.0 112000
1695832145034 -1.0 116000
1695832192773 -1.0 120000
