1695830818342 1800.0 4000
1695830862914 1800.0 8000
1695830907637 1800.0 12000
1695830954184 1800.0 16000
1695831002581 1800.0 20000
1695831049726 1800.0 24000
1695831097232 1800.0 28000
1695831144716 1800.0 32000
1695831191221 1800.0 36000
1695831240907 1800.0 40000
1695831287580 1800.0 44000
1695831333839 1800.0 48000
1695831380637 1800.0 52000
1695831430490 1800.0 56000
1695831477662 1800.0 60000
1695831525819 1800.0 64000
1695831573197 1800.0 68000
1695831620438 1800.0 72000
1695831667876 1800.0 76000
1695831715965 1800.0 80000
1695831763072 1800.0 84000
1695831811201 1800.0 88000
1695831859828 1800.0 92000
1695831908273 1800.0 96000
1695831955961 1800.0 100000
1695832003256 1800.0 104000
1695832050525 1800.0 108000
1695832097736 1800.0 112000
1695832145018 1800.0 116000
1695832192752 1800.0 120000
