1695830818342 60.0 4000
1695830862914 60.0 8000
1695830907621 60.0 12000
1695830954184 60.0 16000
1695831002581 60.0 20000
1695831049725 60.0 24000
1695831097232 60.0 28000
1695831144716 60.0 32000
1695831191221 60.0 36000
1695831240907 60.0 40000
1695831287564 60.0 44000
1695831333839 60.0 48000
1695831380637 60.0 52000
1695831430490 60.0 56000
1695831477662 60.0 60000
1695831525818 60.0 64000
1695831573197 60.0 68000
1695831620438 60.0 72000
1695831667876 60.0 76000
1695831715965 60.0 80000
1695831763072 60.0 84000
1695831811201 60.0 88000
1695831859827 60.0 92000
1695831908273 60.0 96000
1695831955961 60.0 100000
1695832003256 60.0 104000
1695832050515 60.0 108000
1695832097736 60.0 112000
1695832145018 60.0 116000
1695832192751 60.0 120000
