1695832399391 8.0 4000
1695832445122 8.0 8000
1695832489760 8.0 12000
1695832537053 8.0 16000
1695832584053 8.0 20000
1695832631148 8.0 24000
1695832679655 8.0 28000
1695832726697 8.0 32000
1695832772926 8.0 36000
1695832820201 8.0 40000
1695832867972 8.0 44000
1695832915309 8.0 48000
1695832962371 8.0 52000
1695833010678 8.0 56000
1695833058586 8.0 60000
1695833105522 8.0 64000
1695833151794 8.0 68000
1695833198180 8.0 72000
1695833244661 8.0 76000
1695833290785 8.0 80000
1695833337011 8.0 84000
1695833383571 8.0 88000
1695833431442 8.0 92000
1695833480239 8.0 96000
1695833527735 8.0 100000
1695833575442 8.0 104000
1695833622179 8.0 108000
1695833668787 8.0 112000
1695833716681 8.0 116000
1695833763318 8.0 120000
1695833810175 8.0 124000
1695833857870 8.0 128000
1695833906611 8.0 132000
1695833954236 8.0 136000
1695834000765 8.0 140000
1695834047933 8.0 144000
1695834094534 8.0 148000
1695834142014 8.0 152000
1695834188864 8.0 156000
1695834235522 8.0 160000
1695834282420 8.0 164000
