1695832399262 4000.0 4000
1695832445006 8000.0 8000
1695832489599 12000.0 12000
1695832536893 16000.0 16000
1695832583893 20000.0 20000
1695832630973 24000.0 24000
1695832679497 28000.0 28000
1695832726534 32000.0 32000
1695832772779 36000.0 36000
1695832820042 40000.0 40000
1695832867813 44000.0 44000
1695832915154 48000.0 48000
1695832962199 52000.0 52000
1695833010522 56000.0 56000
1695833058412 60000.0 60000
1695833105364 64000.0 64000
1695833151634 68000.0 68000
1695833198021 72000.0 72000
1695833244517 76000.0 76000
1695833290627 80000.0 80000
1695833336851 84000.0 84000
1695833383413 88000.0 88000
1695833431282 92000.0 92000
1695833480072 96000.0 96000
1695833527577 100000.0 100000
1695833575276 104000.0 104000
1695833622015 108000.0 108000
1695833668631 112000.0 112000
1695833716525 116000.0 116000
1695833763162 120000.0 120000
1695833810021 124000.0 124000
1695833857709 128000.0 128000
1695833906449 132000.0 132000
1695833954079 136000.0 136000
1695834000602 140000.0 140000
1695834047774 144000.0 144000
1695834094376 148000.0 148000
1695834141861 152000.0 152000
1695834188709 156000.0 156000
1695834235367 160000.0 160000
1695834282259 164000.0 164000
