1695832399262 4000.0 4000
1695832445006 8000.0 8000
1695832489599 12000.0 12000
1695832536893 16000.0 16000
1695832583893 20000.0 20000
1695832630973 24000.0 24000
1695832679482 28000.0 28000
1695832726534 32000.0 32000
1695832772779 36000.0 36000
1695832820042 40000.0 40000
1695832867813 44000.0 44000
1695832915154 48000.0 48000
1695832962195 52000.0 52000
1695833010521 56000.0 56000
1695833058412 60000.0 60000
1695833105364 64000.0 64000
1695833151634 68000.0 68000
1695833198021 72000.0 72000
1695833244517 76000.0 76000
1695833290627 80000.0 80000
1695833336851 84000.0 84000
1695833383407 88000.0 88000
1695833431282 92000.0 92000
1695833480072 96000.0 96000
1695833527577 100000.0 100000
1695833575275 104000.0 104000
1695833622014 108000.0 108000
1695833668630 112000.0 112000
1695833716524 116000.0 116000
1695833763161 120000.0 120000
1695833810020 124000.0 124000
1695833857708 128000.0 128000
1695833906448 132000.0 132000
1695833954077 136000.0 136000
1695834000601 140000.0 140000
1695834047773 144000.0 144000
1695834094375 148000.0 148000
1695834141860 152000.0 152000
1695834188708 156000.0 156000
1695834235366 160000.0 160000
1695834282258 164000.0 164000
