1695830818502 0.9 4000
1695830863014 0.9 8000
1695830907780 0.9 12000
1695830954329 0.9 16000
1695831002740 0.9 20000
1695831049854 0.9 24000
1695831097374 0.9 28000
1695831144859 0.9 32000
1695831191355 0.9 36000
1695831241049 0.9 40000
1695831287713 0.9 44000
1695831333966 0.9 48000
1695831380780 0.9 52000
1695831430632 0.9 56000
1695831477794 0.9 60000
1695831525964 0.9 64000
1695831573347 0.9 68000
1695831620580 0.9 72000
1695831668012 0.9 76000
1695831716108 0.9 80000
1695831763221 0.9 84000
1695831811337 0.9 88000
1695831859970 0.9 92000
1695831908423 0.9 96000
1695831956104 0.9 100000
1695832003400 0.9 104000
1695832050667 0.9 108000
1695832097869 0.9 112000
1695832145153 0.9 116000
1695832192891 0.9 120000
