1695832399429 2.0 4000
1695832445165 2.0 8000
1695832489807 2.0 12000
1695832537099 2.0 16000
1695832584084 2.0 20000
1695832631179 2.0 24000
1695832679688 2.0 28000
1695832726741 2.0 32000
1695832772973 2.0 36000
1695832820254 2.0 40000
1695832868019 2.0 44000
1695832915356 2.0 48000
1695832962419 2.0 52000
1695833010718 2.0 56000
1695833058634 2.0 60000
1695833105571 2.0 64000
1695833151825 2.0 68000
1695833198234 2.0 72000
1695833244709 2.0 76000
1695833290833 2.0 80000
1695833337058 2.0 84000
1695833383620 2.0 88000
1695833431493 2.0 92000
1695833480272 2.0 96000
1695833527767 2.0 100000
1695833575488 2.0 104000
1695833622221 2.0 108000
1695833668827 2.0 112000
1695833716723 2.0 116000
1695833763366 2.0 120000
1695833810215 2.0 124000
1695833857914 2.0 128000
1695833906652 2.0 132000
1695833954278 2.0 136000
1695834000805 2.0 140000
1695834047975 2.0 144000
1695834094576 2.0 148000
1695834142054 2.0 152000
1695834188904 2.0 156000
1695834235561 2.0 160000
1695834282460 2.0 164000
