1695827606555 0.8556562499999999 8000
1695827652034 0.8556562499999999 12000
1695827698531 -0.20400000000000015 16000
1695827745423 -0.20400000000000015 20000
1695827791906 -0.20400000000000015 24000
1695827839139 -0.2420000000000002 28000
1695827885846 -0.2420000000000002 32000
1695827933025 -0.2420000000000002 36000
1695827979180 -0.2420000000000002 40000
1695828025075 -0.2420000000000002 44000
1695828071839 -0.2420000000000002 48000
1695828118286 -0.2420000000000002 52000
1695828164153 -0.2420000000000002 56000
1695828210730 -0.2420000000000002 60000
1695828256865 -0.2580000000000002 64000
1695828305385 -0.2580000000000002 68000
1695828351979 -0.32600000000000023 72000
1695828397837 -0.32600000000000023 76000
1695828444868 -0.32600000000000023 80000
1695828491270 -0.32600000000000023 84000
1695828537938 -0.32600000000000023 88000
1695828583985 -0.32600000000000023 92000
1695828631895 -0.32600000000000023 96000
1695828678604 -0.32600000000000023 100000
1695828725402 -0.32600000000000023 104000
1695828771321 -0.32600000000000023 108000
1695828818086 -0.32600000000000023 112000
1695828865234 -0.32600000000000023 116000
1695828911238 -0.32600000000000023 120000
1695828957895 -0.35800000000000026 124000
1695829004680 -0.35800000000000026 128000
1695829052080 -0.36200000000000027 132000
1695829099059 -0.36200000000000027 136000
1695829146187 -0.36200000000000027 140000
1695829193259 -0.7544097957278856 144000
1695829239793 -0.7544097957278856 148000
1695829287319 -0.7544097957278856 152000
1695829334681 -0.7544097957278856 156000
1695829382820 -0.7544097957278856 160000
1695829431040 -0.7544097957278856 164000
