1695827606571 0.721500000000003 8000
1695827652034 0.721500000000003 12000
1695827698531 -0.2805000000000002 16000
1695827745423 -0.2805000000000002 20000
1695827791906 -0.2805000000000002 24000
1695827839139 -0.3750000000000003 28000
1695827885846 -0.3750000000000003 32000
1695827933025 -0.3750000000000003 36000
1695827979180 -0.3750000000000003 40000
1695828025075 -0.3750000000000003 44000
1695828071839 -0.3750000000000003 48000
1695828118286 -0.3750000000000003 52000
1695828164169 -0.3750000000000003 56000
1695828210730 -0.3750000000000003 60000
1695828256865 -0.3750000000000003 64000
1695828305386 -0.3750000000000003 68000
1695828351979 -0.3750000000000003 72000
1695828397837 -0.3750000000000003 76000
1695828444868 -0.3750000000000003 80000
1695828491271 -0.3750000000000003 84000
1695828537938 -0.3750000000000003 88000
1695828583985 -0.3750000000000003 92000
1695828631895 -0.3750000000000003 96000
1695828678604 -0.3750000000000003 100000
1695828725402 -0.3750000000000003 104000
1695828771321 -0.3750000000000003 108000
1695828818086 -0.3750000000000003 112000
1695828865234 -0.3750000000000003 116000
1695828911250 -0.3120000000000002 120000
1695828957895 -0.3120000000000002 124000
1695829004680 -0.3120000000000002 128000
1695829052080 -0.3120000000000002 132000
1695829099059 -0.3120000000000002 136000
1695829146187 -0.3120000000000002 140000
1695829193259 -0.3120000000000002 144000
1695829239793 -0.3120000000000002 148000
1695829287319 -0.2820000000000002 152000
1695829334683 -0.2820000000000002 156000
1695829382820 -0.2820000000000002 160000
1695829431040 -0.2820000000000002 164000
