1695830907541 0.7019999999999998 12000
1695830954103 1.2402836050000083 16000
1695831002503 1.2402836050000083 20000
1695831049640 1.2402836050000083 24000
1695831097151 1.339693237815221 28000
1695831144639 1.9246932378161776 32000
1695831191141 1.9246932378161776 36000
1695831240827 1.9246932378161776 40000
1695831287500 1.9246932378161776 44000
1695831333759 1.9246932378161776 48000
1695831380557 1.9246932378161776 52000
1695831430410 1.9246932378161776 56000
1695831477588 1.9246932378161776 60000
1695831525741 1.9246932378161776 64000
1695831573113 1.9246932378161776 68000
1695831620375 1.9246932378161776 72000
1695831667796 1.9246932378161776 76000
1695831715885 1.9246932378161776 80000
1695831762990 1.9246932378161776 84000
1695831811115 1.9246932378161776 88000
1695831859744 1.9246932378161776 92000
1695831908198 1.9246932378161776 96000
1695831955881 1.9816932378161722 100000
1695832003170 1.9816932378161722 104000
1695832050435 1.9816932378161722 108000
1695832097656 1.9816932378161722 112000
1695832144938 1.9816932378161722 116000
1695832192664 1.9816932378161722 120000
