1695830907541 -0.7212573578908242 12000
1695830954103 0.5948437499999999 16000
1695831002503 0.5948437499999999 20000
1695831049640 0.5948437499999999 24000
1695831097150 0.5948437499999999 28000
1695831144639 0.6441093750000001 32000
1695831191141 0.6441093750000001 36000
1695831240827 0.6441093750000001 40000
1695831287484 0.6441093750000001 44000
1695831333759 0.8229374999999999 48000
1695831380557 0.8229374999999999 52000
1695831430410 0.8229374999999999 56000
1695831477586 0.8229374999999999 60000
1695831525740 0.8229374999999999 64000
1695831573113 1.0692187499999999 68000
1695831620374 1.0692187499999999 72000
1695831667796 1.0692187499999999 76000
1695831715885 1.0692187499999999 80000
1695831762989 1.0692187499999999 84000
1695831811115 1.0692187499999999 88000
1695831859744 1.0692187499999999 92000
1695831908197 1.0692187499999999 96000
1695831955881 1.0692187499999999 100000
1695832003170 1.0692187499999999 104000
1695832050435 1.0692187499999999 108000
1695832097656 1.0692187499999999 112000
1695832144938 1.0692187499999999 116000
1695832192664 1.0692187499999999 120000
