1695839677963 -0.19000000000000014 16000
1695839711453 -0.19000000000000014 20000
1695839744723 -0.19000000000000014 24000
1695839779234 -0.19000000000000014 28000
1695839813881 -0.19000000000000014 32000
1695839850561 -0.19000000000000014 36000
1695839886391 -0.20000000000000015 40000
1695839923913 -0.20000000000000015 44000
1695839959631 -0.20000000000000015 48000
1695839995773 -0.20000000000000015 52000
1695840030975 -0.20000000000000015 56000
1695840065056 -0.20000000000000015 60000
1695840100277 -0.20200000000000015 64000
1695840134402 -0.20200000000000015 68000
1695840168945 -0.20200000000000015 72000
1695840204528 -0.20200000000000015 76000
1695840239950 -0.20200000000000015 80000
1695840276773 -0.20200000000000015 84000
1695840312826 -0.20200000000000015 88000
1695840348211 -0.20200000000000015 92000
1695840382379 -0.20200000000000015 96000
1695840416337 -0.20200000000000015 100000
1695840451307 -0.20200000000000015 104000
1695840486023 -0.20200000000000015 108000
1695840521057 -0.20200000000000015 112000
1695840555193 -0.20200000000000015 116000
1695840589148 -0.20200000000000015 120000
