1695839677963 -0.17900000000000013 16000
1695839711453 -0.17900000000000013 20000
1695839744723 -0.17900000000000013 24000
1695839779234 -0.17900000000000013 28000
1695839813881 -0.17900000000000013 32000
1695839850545 -0.17900000000000013 36000
1695839886389 -0.17900000000000013 40000
1695839923912 -0.17900000000000013 44000
1695839959616 -0.17900000000000013 48000
1695839995772 -0.17900000000000013 52000
1695840030974 -0.17900000000000013 56000
1695840065056 -0.17900000000000013 60000
1695840100276 -0.17900000000000013 64000
1695840134402 -0.17900000000000013 68000
1695840168944 -0.17900000000000013 72000
1695840204528 -0.17900000000000013 76000
1695840239949 -0.17900000000000013 80000
1695840276773 -0.17900000000000013 84000
1695840312826 -0.17900000000000013 88000
1695840348205 -0.17900000000000013 92000
1695840382378 -0.17900000000000013 96000
1695840416337 -0.17200000000000013 100000
1695840451307 0.10017187499999983 104000
1695840486023 0.12288461444259205 108000
1695840521057 0.044999999999999596 112000
1695840555193 0.044999999999999596 116000
1695840589148 0.02699999999999958 120000
