1695836126025 32.0 4000
1695836171553 32.0 8000
1695836219001 32.0 12000
1695836266628 32.0 16000
1695836314221 32.0 20000
1695836360711 32.0 24000
1695836418008 32.0 28000
1695836468662 32.0 32000
1695836516427 32.0 36000
1695836563058 32.0 40000
1695836609910 32.0 44000
1695836657197 32.0 48000
1695836704743 32.0 52000
1695836751628 32.0 56000
1695836798826 32.0 60000
1695836847076 32.0 64000
1695836894716 32.0 68000
1695836941898 32.0 72000
1695836989187 32.0 76000
1695837036098 32.0 80000
1695837083430 32.0 84000
1695837129729 32.0 88000
1695837177290 32.0 92000
1695837225513 32.0 96000
1695837273063 32.0 100000
1695837319354 32.0 104000
1695837366107 32.0 108000
1695837413625 32.0 112000
1695837464479 32.0 116000
1695837514676 32.0 120000
1695837563484 32.0 124000
1695837610678 32.0 128000
1695837658404 32.0 132000
1695837706111 32.0 136000
1695837753608 32.0 140000
1695837803796 32.0 144000
1695837852169 32.0 148000
1695837899937 32.0 152000
1695837947125 32.0 156000
1695837994020 32.0 160000
1695838041557 32.0 164000
1695838089667 32.0 168000
1695838138742 32.0 172000
1695838190578 32.0 176000
