1695836126023 64.0 4000
1695836171553 64.0 8000
1695836218999 64.0 12000
1695836266628 64.0 16000
1695836314221 64.0 20000
1695836360707 64.0 24000
1695836418008 64.0 28000
1695836468662 64.0 32000
1695836516427 64.0 36000
1695836563058 64.0 40000
1695836609910 64.0 44000
1695836657197 64.0 48000
1695836704743 64.0 52000
1695836751628 64.0 56000
1695836798826 64.0 60000
1695836847074 64.0 64000
1695836894716 64.0 68000
1695836941898 64.0 72000
1695836989187 64.0 76000
1695837036098 64.0 80000
1695837083430 64.0 84000
1695837129729 64.0 88000
1695837177290 64.0 92000
1695837225511 64.0 96000
1695837273063 64.0 100000
1695837319354 64.0 104000
1695837366091 64.0 108000
1695837413623 64.0 112000
1695837464479 64.0 116000
1695837514676 64.0 120000
1695837563484 64.0 124000
1695837610678 64.0 128000
1695837658401 64.0 132000
1695837706111 64.0 136000
1695837753606 64.0 140000
1695837803780 64.0 144000
1695837852169 64.0 148000
1695837899937 64.0 152000
1695837947109 64.0 156000
1695837994020 64.0 160000
1695838041557 64.0 164000
1695838089652 64.0 168000
1695838138726 64.0 172000
1695838190576 64.0 176000
