1695836126027 50.0 4000
1695836171553 50.0 8000
1695836219003 50.0 12000
1695836266644 50.0 16000
1695836314226 50.0 20000
1695836360712 50.0 24000
1695836418008 50.0 28000
1695836468662 50.0 32000
1695836516427 50.0 36000
1695836563058 50.0 40000
1695836609910 50.0 44000
1695836657197 50.0 48000
1695836704743 50.0 52000
1695836751628 50.0 56000
1695836798826 50.0 60000
1695836847078 50.0 64000
1695836894716 50.0 68000
1695836941898 50.0 72000
1695836989187 50.0 76000
1695837036098 50.0 80000
1695837083446 50.0 84000
1695837129745 50.0 88000
1695837177290 50.0 92000
1695837225515 50.0 96000
1695837273063 50.0 100000
1695837319354 50.0 104000
1695837366107 50.0 108000
1695837413627 50.0 112000
1695837464479 50.0 116000
1695837514676 50.0 120000
1695837563484 50.0 124000
1695837610678 50.0 128000
1695837658405 50.0 132000
1695837706116 50.0 136000
1695837753610 50.0 140000
1695837803796 50.0 144000
1695837852169 50.0 148000
1695837899947 50.0 152000
1695837947125 50.0 156000
1695837994020 50.0 160000
1695838041574 50.0 164000
1695838089667 50.0 168000
1695838138742 50.0 172000
1695838190579 50.0 176000
