1695836126022 1.0 4000
1695836171553 1.0 8000
1695836218998 1.0 12000
1695836266628 1.0 16000
1695836314221 1.0 20000
1695836360707 1.0 24000
1695836418008 1.0 28000
1695836468662 1.0 32000
1695836516427 1.0 36000
1695836563058 1.0 40000
1695836609910 1.0 44000
1695836657197 1.0 48000
1695836704743 1.0 52000
1695836751628 1.0 56000
1695836798826 1.0 60000
1695836847073 1.0 64000
1695836894716 1.0 68000
1695836941898 1.0 72000
1695836989187 1.0 76000
1695837036098 1.0 80000
1695837083430 1.0 84000
1695837129729 1.0 88000
1695837177290 1.0 92000
1695837225510 1.0 96000
1695837273063 1.0 100000
1695837319354 1.0 104000
1695837366091 1.0 108000
1695837413622 1.0 112000
1695837464479 1.0 116000
1695837514676 1.0 120000
1695837563484 1.0 124000
1695837610678 1.0 128000
1695837658401 1.0 132000
1695837706111 1.0 136000
1695837753605 1.0 140000
1695837803780 1.0 144000
1695837852169 1.0 148000
1695837899937 1.0 152000
1695837947109 1.0 156000
1695837994020 1.0 160000
1695838041557 1.0 164000
1695838089652 1.0 168000
1695838138726 1.0 172000
1695838190575 1.0 176000
