1695836126036 0.0 4000
1695836171553 0.0 8000
1695836219007 0.0 12000
1695836266645 0.0 16000
1695836314226 0.0 20000
1695836360716 0.0 24000
1695836418018 0.0 28000
1695836468662 0.0 32000
1695836516443 0.0 36000
1695836563058 0.0 40000
1695836609910 0.0 44000
1695836657212 0.0 48000
1695836704760 0.0 52000
1695836751643 0.0 56000
1695836798826 0.0 60000
1695836847082 0.0 64000
1695836894716 0.0 68000
1695836941914 0.0 72000
1695836989187 0.0 76000
1695837036113 0.0 80000
1695837083446 0.0 84000
1695837129745 0.0 88000
1695837177290 0.0 92000
1695837225516 0.0 96000
1695837273063 0.0 100000
1695837319354 0.0 104000
1695837366107 0.0 108000
1695837413630 0.0 112000
1695837464479 0.0 116000
1695837514676 0.0 120000
1695837563500 0.0 124000
1695837610678 0.0 128000
1695837658409 0.0 132000
1695837706117 0.0 136000
1695837753614 0.0 140000
1695837803796 0.0 144000
1695837852169 0.0 148000
1695837899947 0.0 152000
1695837947125 0.0 156000
1695837994020 0.0 160000
1695838041574 0.0 164000
1695838089667 0.0 168000
1695838138742 0.0 172000
1695838190583 0.0 176000
