1695836126033 32.0 4000
1695836171553 32.0 8000
1695836219004 32.0 12000
1695836266644 32.0 16000
1695836314226 32.0 20000
1695836360712 32.0 24000
1695836418018 32.0 28000
1695836468662 32.0 32000
1695836516427 32.0 36000
1695836563058 32.0 40000
1695836609910 32.0 44000
1695836657197 32.0 48000
1695836704743 32.0 52000
1695836751628 32.0 56000
1695836798826 32.0 60000
1695836847079 32.0 64000
1695836894716 32.0 68000
1695836941914 32.0 72000
1695836989187 32.0 76000
1695837036113 32.0 80000
1695837083446 32.0 84000
1695837129745 32.0 88000
1695837177290 32.0 92000
1695837225516 32.0 96000
1695837273063 32.0 100000
1695837319354 32.0 104000
1695837366107 32.0 108000
1695837413628 32.0 112000
1695837464479 32.0 116000
1695837514676 32.0 120000
1695837563484 32.0 124000
1695837610678 32.0 128000
1695837658406 32.0 132000
1695837706117 32.0 136000
1695837753611 32.0 140000
1695837803796 32.0 144000
1695837852169 32.0 148000
1695837899947 32.0 152000
1695837947125 32.0 156000
1695837994020 32.0 160000
1695838041574 32.0 164000
1695838089667 32.0 168000
1695838138742 32.0 172000
1695838190580 32.0 176000
