1695836126038 84.0 4000
1695836171553 84.0 8000
1695836219009 84.0 12000
1695836266645 84.0 16000
1695836314226 84.0 20000
1695836360716 84.0 24000
1695836418018 84.0 28000
1695836468677 84.0 32000
1695836516443 84.0 36000
1695836563058 84.0 40000
1695836609926 84.0 44000
1695836657212 84.0 48000
1695836704760 84.0 52000
1695836751643 84.0 56000
1695836798826 84.0 60000
1695836847084 84.0 64000
1695836894716 84.0 68000
1695836941914 84.0 72000
1695836989187 84.0 76000
1695837036113 84.0 80000
1695837083446 84.0 84000
1695837129745 84.0 88000
1695837177290 84.0 92000
1695837225516 84.0 96000
1695837273063 84.0 100000
1695837319370 84.0 104000
1695837366107 84.0 108000
1695837413632 84.0 112000
1695837464495 84.0 116000
1695837514676 84.0 120000
1695837563500 84.0 124000
1695837610678 84.0 128000
1695837658411 84.0 132000
1695837706117 84.0 136000
1695837753617 84.0 140000
1695837803796 84.0 144000
1695837852169 84.0 148000
1695837899947 84.0 152000
1695837947125 84.0 156000
1695837994035 84.0 160000
1695838041574 84.0 164000
1695838089667 84.0 168000
1695838138742 84.0 172000
1695838190585 84.0 176000
