1695836126017 256.0 4000
1695836171553 256.0 8000
1695836218993 256.0 12000
1695836266628 256.0 16000
1695836314205 256.0 20000
1695836360692 256.0 24000
1695836418002 256.0 28000
1695836468662 256.0 32000
1695836516427 256.0 36000
1695836563058 256.0 40000
1695836609910 256.0 44000
1695836657197 256.0 48000
1695836704743 256.0 52000
1695836751628 256.0 56000
1695836798810 256.0 60000
1695836847069 256.0 64000
1695836894716 256.0 68000
1695836941898 256.0 72000
1695836989171 256.0 76000
1695837036098 256.0 80000
1695837083430 256.0 84000
1695837129729 256.0 88000
1695837177284 256.0 92000
1695837225505 256.0 96000
1695837273060 256.0 100000
1695837319354 256.0 104000
1695837366091 256.0 108000
1695837413617 256.0 112000
1695837464479 256.0 116000
1695837514661 256.0 120000
1695837563484 256.0 124000
1695837610662 256.0 128000
1695837658396 256.0 132000
1695837706096 256.0 136000
1695837753589 256.0 140000
1695837803780 256.0 144000
1695837852154 256.0 148000
1695837899937 256.0 152000
1695837947109 256.0 156000
1695837994020 256.0 160000
1695838041557 256.0 164000
1695838089652 256.0 168000
1695838138726 256.0 172000
1695838190570 256.0 176000
