1695836126018 0.0 4000
1695836171553 0.0 8000
1695836218994 0.0 12000
1695836266628 0.0 16000
1695836314205 0.0 20000
1695836360692 0.0 24000
1695836418008 0.0 28000
1695836468662 0.0 32000
1695836516427 0.0 36000
1695836563058 0.0 40000
1695836609910 0.0 44000
1695836657197 0.0 48000
1695836704743 0.0 52000
1695836751628 0.0 56000
1695836798810 0.0 60000
1695836847070 0.0 64000
1695836894716 0.0 68000
1695836941898 0.0 72000
1695836989171 0.0 76000
1695837036098 0.0 80000
1695837083430 0.0 84000
1695837129729 0.0 88000
1695837177284 0.0 92000
1695837225506 0.0 96000
1695837273061 0.0 100000
1695837319354 0.0 104000
1695837366091 0.0 108000
1695837413618 0.0 112000
1695837464479 0.0 116000
1695837514661 0.0 120000
1695837563484 0.0 124000
1695837610662 0.0 128000
1695837658397 0.0 132000
1695837706096 0.0 136000
1695837753589 0.0 140000
1695837803780 0.0 144000
1695837852154 0.0 148000
1695837899937 0.0 152000
1695837947109 0.0 156000
1695837994020 0.0 160000
1695838041557 0.0 164000
1695838089652 0.0 168000
1695838138726 0.0 172000
1695838190571 0.0 176000
