1695836126016 20.0 4000
1695836171552 20.0 8000
1695836218992 20.0 12000
1695836266628 20.0 16000
1695836314205 20.0 20000
1695836360692 20.0 24000
1695836418002 20.0 28000
1695836468662 20.0 32000
1695836516427 20.0 36000
1695836563043 20.0 40000
1695836609910 20.0 44000
1695836657197 20.0 48000
1695836704743 20.0 52000
1695836751628 20.0 56000
1695836798810 20.0 60000
1695836847068 20.0 64000
1695836894701 20.0 68000
1695836941898 20.0 72000
1695836989171 20.0 76000
1695837036098 20.0 80000
1695837083430 20.0 84000
1695837129729 20.0 88000
1695837177284 20.0 92000
1695837225504 20.0 96000
1695837273059 20.0 100000
1695837319354 20.0 104000
1695837366091 20.0 108000
1695837413616 20.0 112000
1695837464479 20.0 116000
1695837514661 20.0 120000
1695837563484 20.0 124000
1695837610662 20.0 128000
1695837658395 20.0 132000
1695837706096 20.0 136000
1695837753589 20.0 140000
1695837803780 20.0 144000
1695837852154 20.0 148000
1695837899937 20.0 152000
1695837947109 20.0 156000
1695837994020 20.0 160000
1695838041557 20.0 164000
1695838089652 20.0 168000
1695838138726 20.0 172000
1695838190569 20.0 176000
