1695836126040 1.0 4000
1695836171569 1.0 8000
1695836219011 1.0 12000
1695836266645 1.0 16000
1695836314226 1.0 20000
1695836360716 1.0 24000
1695836418018 1.0 28000
1695836468678 1.0 32000
1695836516443 1.0 36000
1695836563074 1.0 40000
1695836609926 1.0 44000
1695836657212 1.0 48000
1695836704760 1.0 52000
1695836751643 1.0 56000
1695836798842 1.0 60000
1695836847086 1.0 64000
1695836894732 1.0 68000
1695836941914 1.0 72000
1695836989187 1.0 76000
1695837036113 1.0 80000
1695837083446 1.0 84000
1695837129745 1.0 88000
1695837177290 1.0 92000
1695837225516 1.0 96000
1695837273063 1.0 100000
1695837319370 1.0 104000
1695837366107 1.0 108000
1695837413634 1.0 112000
1695837464496 1.0 116000
1695837514676 1.0 120000
1695837563500 1.0 124000
1695837610678 1.0 128000
1695837658413 1.0 132000
1695837706117 1.0 136000
1695837753619 1.0 140000
1695837803796 1.0 144000
1695837852169 1.0 148000
1695837899953 1.0 152000
1695837947125 1.0 156000
1695837994035 1.0 160000
1695838041574 1.0 164000
1695838089667 1.0 168000
1695838138742 1.0 172000
1695838190587 1.0 176000
