1695839677982 0.0 16000
1695839711461 0.0 20000
1695839744739 0.0 24000
1695839779234 0.0 28000
1695839813897 0.0 32000
1695839850561 0.0 36000
1695839886400 0.0 40000
1695839923922 0.0 44000
1695839959633 0.0 48000
1695839995781 0.0 52000
1695840030983 0.0 56000
1695840065056 0.0 60000
1695840100285 0.0 64000
1695840134418 0.0 68000
1695840168955 0.0 72000
1695840204544 0.0 76000
1695840239960 0.0 80000
1695840276789 0.0 84000
1695840312844 0.0 88000
1695840348220 0.0 92000
1695840382388 0.0 96000
1695840416354 0.0 100000
1695840451322 0.0 104000
1695840486023 0.0 108000
1695840521057 0.0 112000
1695840555209 0.0 116000
1695840589164 0.0 120000
