1695839677963 0.5421003649042667 16000
1695839711461 0.5421003649042667 20000
1695839744739 0.5454747973702129 24000
1695839779234 0.5461985280495845 28000
1695839813897 0.5461985280495845 32000
1695839850561 0.5486863517489133 36000
1695839886396 0.5524018134629725 40000
1695839923918 0.5534997630106817 44000
1695839959633 0.5560808953855827 48000
1695839995777 0.5606425881439331 52000
1695840030979 0.5595550807393153 56000
1695840065056 0.5605647420707603 60000
1695840100281 0.5628999076314928 64000
1695840134418 0.5631565445173907 68000
1695840168950 0.5627854334325062 72000
1695840204528 0.5637094805742919 76000
1695840239955 0.5642325077656496 80000
1695840276773 0.5651525018845867 84000
1695840312844 0.5662892251077837 88000
1695840348211 0.5668575411813026 92000
1695840382384 0.5681597537407747 96000
1695840416354 0.5687686331495581 100000
1695840451322 0.5699473596226666 104000
1695840486023 0.5739909278499904 108000
1695840521057 0.5762691395156325 112000
1695840555193 0.5778976009303856 116000
1695840589148 0.5794423547120302 120000
