1695839677979 0.16978684996605514 16000
1695839711461 0.16978684996605514 20000
1695839744739 0.1716000040428499 24000
1695839779234 0.16858991284403416 28000
1695839813897 0.16858991284403416 32000
1695839850561 0.17220430345921114 36000
1695839886398 0.16978903251816962 40000
1695839923920 0.16880953280405586 44000
1695839959633 0.171432897418448 48000
1695839995779 0.17331247133977346 52000
1695840030981 0.1736183985100415 56000
1695840065056 0.17358215832707316 60000
1695840100283 0.1753020530498864 64000
1695840134418 0.1754466996257979 68000
1695840168953 0.17586984389259427 72000
1695840204528 0.17605137134352644 76000
1695840239957 0.17706567512643495 80000
1695840276789 0.17760441898163243 84000
1695840312844 0.17884778993702835 88000
1695840348211 0.17983066158017963 92000
1695840382386 0.18015906000268322 96000
1695840416354 0.1809412895486052 100000
1695840451322 0.18283896466686386 104000
1695840486023 0.18341714927651598 108000
1695840521057 0.18548711407855958 112000
1695840555209 0.18555725352935898 116000
1695840589164 0.18754669897398574 120000
