1695839677982 0.18994410584525417 16000
1695839711461 0.18994410584525417 20000
1695839744739 0.19032838478781977 24000
1695839779234 0.19050985985594288 28000
1695839813897 0.19050985985594288 32000
1695839850561 0.1897418438686657 36000
1695839886399 0.19333421005811166 40000
1695839923921 0.19366649653127943 44000
1695839959633 0.19369432287779023 48000
1695839995780 0.1954561475416702 52000
1695840030982 0.19515694925045993 56000
1695840065056 0.19544915442062943 60000
1695840100284 0.19692261714141282 64000
1695840134418 0.19666609411834435 68000
1695840168954 0.1966866810367207 72000
1695840204543 0.19802419943981708 76000
1695840239958 0.19842189465221496 80000
1695840276789 0.19843011648821518 84000
1695840312844 0.19847508594319094 88000
1695840348211 0.19941014381509584 92000
1695840382387 0.2000566424173677 96000
1695840416354 0.2004704580357043 100000
1695840451322 0.20146709186205636 104000
1695840486023 0.20182793981192795 108000
1695840521057 0.20285941860310244 112000
1695840555209 0.2036390113357944 116000
1695840589164 0.20389553943691113 120000
