1695830907668 1.0 12000
1695830954215 0.18181818181818182 16000
1695831002629 0.25 20000
1695831049744 0.23076923076923078 24000
1695831097266 0.15 28000
1695831144748 0.25 32000
1695831191252 0.28 36000
1695831240954 0.23333333333333334 40000
1695831287613 0.21212121212121213 44000
1695831333871 0.2222222222222222 48000
1695831380668 0.21951219512195122 52000
1695831430522 0.20454545454545456 56000
1695831477682 0.1956521739130435 60000
1695831525855 0.17647058823529413 64000
1695831573230 0.18181818181818182 68000
1695831620469 0.19642857142857142 72000
1695831667907 0.1864406779661017 76000
1695831715996 0.171875 80000
1695831763110 0.16923076923076924 84000
1695831811226 0.18309859154929578 88000
1695831859860 0.18055555555555555 92000
1695831908305 0.18421052631578946 96000
1695831955992 0.175 100000
1695832003287 0.17073170731707318 104000
1695832050555 0.16279069767441862 108000
1695832097767 0.15555555555555556 112000
1695832145050 0.15217391304347827 116000
1695832192786 0.14583333333333334 120000
