1695830907668 1.0 12000
1695830954215 1.0 16000
1695831002629 1.0 20000
1695831049759 1.0 24000
1695831097268 1.0 28000
1695831144764 1.0 32000
1695831191252 1.0 36000
1695831240954 1.0 40000
1695831287613 1.0 44000
1695831333871 1.0 48000
1695831380668 1.0 52000
1695831430522 1.0 56000
1695831477682 1.0 60000
1695831525858 1.0 64000
1695831573230 1.0 68000
1695831620486 1.0 72000
1695831667907 1.0 76000
1695831715996 1.0 80000
1695831763110 1.0 84000
1695831811226 1.0 88000
1695831859860 1.0 92000
1695831908320 1.0 96000
1695831955992 1.0 100000
1695832003287 1.0 104000
1695832050555 1.0 108000
1695832097767 1.0 112000
1695832145050 1.0 116000
1695832192788 1.0 120000
