1695830907668 0.0 12000
1695830954215 0.0 16000
1695831002629 0.0 20000
1695831049759 0.0 24000
1695831097272 0.0 28000
1695831144764 0.0 32000
1695831191268 0.0 36000
1695831240954 0.0 40000
1695831287613 0.0 44000
1695831333871 0.0 48000
1695831380684 0.0 52000
1695831430538 0.0 56000
1695831477699 0.0 60000
1695831525862 0.0 64000
1695831573230 0.0 68000
1695831620486 0.0 72000
1695831667907 0.0 76000
1695831716012 0.0 80000
1695831763110 0.0 84000
1695831811242 0.0 88000
1695831859860 0.0 92000
1695831908320 0.0 96000
1695831955992 0.0 100000
1695832003303 0.0 104000
1695832050555 0.0 108000
1695832097767 0.0 112000
1695832145050 0.0 116000
1695832192791 0.0 120000
