1695832399429 0.0 4000
1695832445166 0.0 8000
1695832489807 0.0 12000
1695832537099 0.0 16000
1695832584084 0.0 20000
1695832631179 0.0 24000
1695832679688 0.0 28000
1695832726741 0.0 32000
1695832772973 0.0 36000
1695832820254 0.0 40000
1695832868019 0.0 44000
1695832915356 0.0 48000
1695832962419 0.0 52000
1695833010719 0.0 56000
1695833058634 0.0 60000
1695833105571 0.0 64000
1695833151841 0.0 68000
1695833198234 0.0 72000
1695833244709 0.0 76000
1695833290834 0.0 80000
1695833337058 0.0 84000
1695833383620 0.0 88000
1695833431493 0.0 92000
1695833480272 0.0 96000
1695833527767 0.0 100000
1695833575489 0.0 104000
1695833622222 0.0 108000
1695833668828 0.0 112000
1695833716724 0.0 116000
1695833763367 0.0 120000
1695833810215 0.0 124000
1695833857915 0.0 128000
1695833906652 0.0 132000
1695833954279 0.0 136000
1695834000806 0.0 140000
1695834047976 0.0 144000
1695834094577 0.0 148000
1695834142055 0.0 152000
1695834188904 0.0 156000
1695834235562 0.0 160000
1695834282461 0.0 164000
