1695832399446 5.0000000000000016e-05 4000
1695832445169 5.0000000000000016e-05 8000
1695832489807 5.0000000000000016e-05 12000
1695832537099 5.0000000000000016e-05 16000
1695832584084 5.0000000000000016e-05 20000
1695832631196 5.0000000000000016e-05 24000
1695832679688 5.0000000000000016e-05 28000
1695832726741 5.0000000000000016e-05 32000
1695832772973 5.0000000000000016e-05 36000
1695832820254 5.0000000000000016e-05 40000
1695832868019 5.0000000000000016e-05 44000
1695832915356 5.0000000000000016e-05 48000
1695832962419 5.0000000000000016e-05 52000
1695833010722 5.0000000000000016e-05 56000
1695833058650 5.0000000000000016e-05 60000
1695833105571 5.0000000000000016e-05 64000
1695833151841 5.0000000000000016e-05 68000
1695833198234 5.0000000000000016e-05 72000
1695833244709 5.0000000000000016e-05 76000
1695833290834 5.0000000000000016e-05 80000
1695833337058 5.0000000000000016e-05 84000
1695833383620 5.0000000000000016e-05 88000
1695833431493 5.0000000000000016e-05 92000
1695833480289 5.0000000000000016e-05 96000
1695833527782 5.0000000000000016e-05 100000
1695833575492 5.0000000000000016e-05 104000
1695833622224 5.0000000000000016e-05 108000
1695833668831 5.0000000000000016e-05 112000
1695833716726 5.0000000000000016e-05 116000
1695833763370 5.0000000000000016e-05 120000
1695833810219 5.0000000000000016e-05 124000
1695833857947 5.0000000000000016e-05 128000
1695833906655 5.0000000000000016e-05 132000
1695833954282 5.0000000000000016e-05 136000
1695834000808 5.0000000000000016e-05 140000
1695834047978 5.0000000000000016e-05 144000
1695834094580 5.0000000000000016e-05 148000
1695834142057 5.0000000000000016e-05 152000
1695834188907 5.0000000000000016e-05 156000
1695834235565 5.0000000000000016e-05 160000
1695834282464 5.0000000000000016e-05 164000
