1695832399445 0.20000000000000004 4000
1695832445168 0.20000000000000004 8000
1695832489807 0.20000000000000004 12000
1695832537099 0.20000000000000004 16000
1695832584084 0.20000000000000004 20000
1695832631195 0.20000000000000004 24000
1695832679688 0.20000000000000004 28000
1695832726741 0.20000000000000004 32000
1695832772973 0.20000000000000004 36000
1695832820254 0.20000000000000004 40000
1695832868019 0.20000000000000004 44000
1695832915356 0.20000000000000004 48000
1695832962419 0.20000000000000004 52000
1695833010721 0.20000000000000004 56000
1695833058650 0.20000000000000004 60000
1695833105571 0.20000000000000004 64000
1695833151841 0.20000000000000004 68000
1695833198234 0.20000000000000004 72000
1695833244709 0.20000000000000004 76000
1695833290834 0.20000000000000004 80000
1695833337058 0.20000000000000004 84000
1695833383620 0.20000000000000004 88000
1695833431493 0.20000000000000004 92000
1695833480272 0.20000000000000004 96000
1695833527767 0.20000000000000004 100000
1695833575491 0.20000000000000004 104000
1695833622223 0.20000000000000004 108000
1695833668830 0.20000000000000004 112000
1695833716726 0.20000000000000004 116000
1695833763369 0.20000000000000004 120000
1695833810218 0.20000000000000004 124000
1695833857919 0.20000000000000004 128000
1695833906654 0.20000000000000004 132000
1695833954281 0.20000000000000004 136000
1695834000807 0.20000000000000004 140000
1695834047977 0.20000000000000004 144000
1695834094579 0.20000000000000004 148000
1695834142057 0.20000000000000004 152000
1695834188906 0.20000000000000004 156000
1695834235564 0.20000000000000004 160000
1695834282463 0.20000000000000004 164000
