1695832399452 1.934353589018186 4000
1695832445175 1.9159413908918699 8000
1695832489807 1.8885608702898025 12000
1695832537099 1.8630999311804772 16000
1695832584100 1.8518946065256994 20000
1695832631196 1.8250350850323835 24000
1695832679704 1.7746859485904376 28000
1695832726741 1.7913976054638625 32000
1695832772973 1.7684755043437084 36000
1695832820254 1.6683278128504753 40000
1695832868035 1.7123778466135264 44000
1695832915356 1.6776395672311386 48000
1695832962436 1.6084958472599586 52000
1695833010727 1.5570878859609365 56000
1695833058650 1.517575877532363 60000
1695833105571 1.475922069326043 64000
1695833151841 1.5202971792469422 68000
1695833198247 1.4199800769488016 72000
1695833244709 1.374416134133935 76000
1695833290834 1.3198982237527768 80000
1695833337058 1.3169781165818373 84000
1695833383620 1.1752983926484981 88000
1695833431510 1.22439635929962 92000
1695833480289 1.1872992482036353 96000
1695833527784 1.2171140808612109 100000
1695833575498 1.166120189304153 104000
1695833622230 1.162857196604212 108000
1695833668837 0.9525838229184349 112000
1695833716732 0.9887306790178021 116000
1695833763375 0.9778075559685627 120000
1695833810224 0.9786498847727975 124000
1695833857970 0.8403711115941406 128000
1695833906660 0.8342033540830016 132000
1695833954288 0.9363839007293184 136000
1695834000814 0.8308478936553001 140000
1695834047984 0.8680666354795297 144000
1695834094585 0.8424548097575705 148000
1695834142063 0.9384874100486438 152000
1695834188912 0.9297478495165705 156000
1695834235570 0.9107546783362825 160000
1695834282469 0.8748110953718424 164000
