1695832399453 0.0010000000000000005 4000
1695832445176 0.0010000000000000005 8000
1695832489822 0.0010000000000000005 12000
1695832537099 0.0010000000000000005 16000
1695832584100 0.0010000000000000005 20000
1695832631196 0.0010000000000000005 24000
1695832679704 0.0010000000000000005 28000
1695832726741 0.0010000000000000005 32000
1695832772987 0.0010000000000000005 36000
1695832820254 0.0010000000000000005 40000
1695832868035 0.0010000000000000005 44000
1695832915356 0.0010000000000000005 48000
1695832962437 0.0010000000000000005 52000
1695833010728 0.0010000000000000005 56000
1695833058650 0.0010000000000000005 60000
1695833105571 0.0010000000000000005 64000
1695833151841 0.0010000000000000005 68000
1695833198247 0.0010000000000000005 72000
1695833244709 0.0010000000000000005 76000
1695833290834 0.0010000000000000005 80000
1695833337073 0.0010000000000000005 84000
1695833383620 0.0010000000000000005 88000
1695833431511 0.0010000000000000005 92000
1695833480289 0.0010000000000000005 96000
1695833527784 0.0010000000000000005 100000
1695833575499 0.0010000000000000005 104000
1695833622231 0.0010000000000000005 108000
1695833668837 0.0010000000000000005 112000
1695833716733 0.0010000000000000005 116000
1695833763376 0.0010000000000000005 120000
1695833810225 0.0010000000000000005 124000
1695833857971 0.0010000000000000005 128000
1695833906661 0.0010000000000000005 132000
1695833954289 0.0010000000000000005 136000
1695834000814 0.0010000000000000005 140000
1695834047985 0.0010000000000000005 144000
1695834094586 0.0010000000000000005 148000
1695834142064 0.0010000000000000005 152000
1695834188913 0.0010000000000000005 156000
1695834235571 0.0010000000000000005 160000
1695834282470 0.0010000000000000005 164000
