1695832399429 0.6009457595025499 4000
1695832445167 0.7360550133200984 8000
1695832489807 0.8203229290122788 12000
1695832537099 0.9730620938663681 16000
1695832584084 1.0405449289518098 20000
1695832631195 1.1886097337740162 24000
1695832679688 1.25982829152296 28000
1695832726741 1.2281652902563414 32000
1695832772973 1.2839117915680012 36000
1695832820254 1.3578369257350762 40000
1695832868019 1.3252138917644818 44000
1695832915356 1.3079868716808656 48000
1695832962419 1.3142976803084214 52000
1695833010720 1.3559434092914064 56000
1695833058634 1.372199041893085 60000
1695833105571 1.2632256202710173 64000
1695833151841 1.4019354453931252 68000
1695833198234 1.4734116957212489 72000
1695833244709 1.3441140946621697 76000
1695833290834 1.2126684146622817 80000
1695833337058 1.3463683656106393 84000
1695833383620 1.3145788279672463 88000
1695833431493 1.426354391189913 92000
1695833480272 1.239671494315068 96000
1695833527767 1.2868362634132307 100000
1695833575490 1.2464570802326003 104000
1695833622223 1.2214166350041826 108000
1695833668829 1.2596040141147873 112000
1695833716724 1.4247455049616595 116000
1695833763368 1.0483137175130348 120000
1695833810217 1.2071641694133481 124000
1695833857916 1.2324349135781327 128000
1695833906653 1.127528389574339 132000
1695833954280 1.6836030272766949 136000
1695834000806 1.454915241152048 140000
1695834047976 1.3561061224589745 144000
1695834094578 1.335549262103935 148000
1695834142056 1.47787407618016 152000
1695834188905 1.5962654421416422 156000
1695834235563 1.4841530338550608 160000
1695834282462 1.2876154746860267 164000
