1695832399451 0.011806797340646586 4000
1695832445174 0.01443422942501312 8000
1695832489807 0.011872311851954483 12000
1695832537099 0.0108654636249625 16000
1695832584100 0.01343238620557177 20000
1695832631196 0.011557122690720385 24000
1695832679704 0.012701581778249723 28000
1695832726741 0.012128149075923996 32000
1695832772973 0.013288527174093663 36000
1695832820254 0.016643857465095883 40000
1695832868019 0.01489913650514026 44000
1695832915356 0.01164236953167357 48000
1695832962435 0.014717686003334573 52000
1695833010726 0.012496645605009056 56000
1695833058650 0.012594077692598892 60000
1695833105571 0.010746134938016653 64000
1695833151841 0.008681281178445488 68000
1695833198247 0.011527088673322607 72000
1695833244709 0.008281631284510161 76000
1695833290834 0.008638346726211946 80000
1695833337058 0.011264474076645539 84000
1695833383620 0.008187072840874384 88000
1695833431509 0.00843947452370335 92000
1695833480289 0.00985107368548668 96000
1695833527784 0.007698903377891538 100000
1695833575497 0.010532715471080282 104000
1695833622229 0.008889188310688495 108000
1695833668836 0.00898520760541904 112000
1695833716731 0.00855617955287428 116000
1695833763374 0.012994358888132258 120000
1695833810223 0.006863986691404589 124000
1695833857969 0.006226025128026213 128000
1695833906659 0.006554957011153893 132000
1695833954287 0.008813088030436223 136000
1695834000813 0.008707624825992024 140000
1695834047983 0.008646732932398512 144000
1695834094584 0.011204293311977226 148000
1695834142062 0.008202518661454503 152000
1695834188911 0.010927961470094007 156000
1695834235569 0.01015369925819956 160000
1695834282468 0.006707790939634151 164000
