1695832399448 -0.01682069477828918 4000
1695832445171 -0.019654573877051006 8000
1695832489807 -0.020584887901107626 12000
1695832537099 -0.017848719346996708 16000
1695832584084 -0.019674544330094555 20000
1695832631196 -0.01643180207320256 24000
1695832679688 -0.01773140129201541 28000
1695832726741 -0.017597058949953257 32000
1695832772973 -0.0205750274976405 36000
1695832820254 -0.017620176462999855 40000
1695832868019 -0.023887201478646602 44000
1695832915356 -0.016861519995048486 48000
1695832962419 -0.019727519592561294 52000
1695833010723 -0.019807791795756202 56000
1695833058650 -0.016262491772552796 60000
1695833105571 -0.014484035774269917 64000
1695833151841 -0.014274661422678036 68000
1695833198234 -0.015377718843713714 72000
1695833244709 -0.014648310547878888 76000
1695833290834 -0.011983190885803196 80000
1695833337058 -0.01641833073978584 84000
1695833383620 -0.014639736606234995 88000
1695833431507 -0.013984787689211468 92000
1695833480289 -0.01746087502882195 96000
1695833527784 -0.01308183013946594 100000
1695833575494 -0.015774265336464546 104000
1695833622226 -0.013019106042338534 108000
1695833668833 -0.014838183146882027 112000
1695833716728 -0.014953028335488247 116000
1695833763371 -0.026893401527195236 120000
1695833810220 -0.010404539454369418 124000
1695833857966 -0.011148364052739149 128000
1695833906657 -0.010660779286505809 132000
1695833954284 -0.02133696834159006 136000
1695834000810 -0.015699556516483425 140000
1695834047980 -0.015446603728681415 144000
1695834094582 -0.016109769748921584 148000
1695834142059 -0.015852966295885076 152000
1695834188909 -0.020646115535055288 156000
1695834235566 -0.01927102144351617 160000
1695834282465 -0.012734707107786866 164000
