1695832399447 -0.004680418333585597 4000
1695832445170 -0.014513049868673989 8000
1695832489807 -0.017195987996213566 12000
1695832537099 -0.006431214097149981 16000
1695832584084 -0.012433311510661346 20000
1695832631196 -0.010165329256839566 24000
1695832679688 -0.005107038928933131 28000
1695832726741 -0.011476762344682357 32000
1695832772973 -0.00518976792882313 36000
1695832820254 -0.000445064890179007 40000
1695832868019 -0.018595850483931524 44000
1695832915356 -0.010007829555373366 48000
1695832962419 -0.010819381104132239 52000
1695833010722 -0.011578955967221798 56000
1695833058650 -0.006396429156363108 60000
1695833105571 -0.0014947468973938764 64000
1695833151841 -0.009646694155647614 68000
1695833198234 -0.008810479253224913 72000
1695833244709 -0.0032490017909973783 76000
1695833290834 -0.002718165499633566 80000
1695833337058 -0.005305406972305112 84000
1695833383620 -0.003577138123000623 88000
1695833431493 -0.010761324167894297 92000
1695833480289 -0.01330044966780406 96000
1695833527783 -0.007443561990051724 100000
1695833575493 -0.00515066119429927 104000
1695833622225 -0.007302631290561597 108000
1695833668832 -0.010768529850126166 112000
1695833716727 -0.0096722266782308 116000
1695833763370 -0.02395326019116813 120000
1695833810219 -0.0035815023280520108 124000
1695833857965 -0.0023305710822872547 128000
1695833906656 -0.0019618961472588126 132000
1695833954283 -0.018005241995948988 136000
1695834000809 -0.00730293661338995 140000
1695834047978 -0.00861309149695444 144000
1695834094581 -0.006852517665902269 148000
1695834142058 -0.011012361259296692 152000
1695834188908 -0.01518630428963661 156000
1695834235566 -0.013739404187678399 160000
1695834282465 -0.008953013435772542 164000
