1695832399450 0.0022557080412904424 4000
1695832445173 0.20489699666698774 8000
1695832489807 0.445770555237929 12000
1695832537099 0.4065614479283492 16000
1695832584100 0.15982857712854942 20000
1695832631196 0.5510880118235946 24000
1695832679704 0.5083203662807743 28000
1695832726741 0.19367560868461928 32000
1695832772973 0.523134294586877 36000
1695832820254 0.5451000599190593 40000
1695832868019 0.44365670867264273 44000
1695832915356 0.6774341287712257 48000
1695832962434 0.757856365852058 52000
1695833010725 0.675559846063455 56000
1695833058650 0.48718145191669465 60000
1695833105571 0.5576932170738776 64000
1695833151841 0.6845591936881343 68000
1695833198247 0.7392259800806642 72000
1695833244709 0.43737396926929556 76000
1695833290834 0.5464428223048647 80000
1695833337058 0.7014802207549413 84000
1695833383620 0.6045820683861772 88000
1695833431509 0.6593050489202141 92000
1695833480289 0.5614264636610945 96000
1695833527784 0.6746604543179273 100000
1695833575496 0.7175743003065388 104000
1695833622228 0.6792714723075429 108000
1695833668835 0.6756772813697656 112000
1695833716730 0.6363089793672164 116000
1695833763373 0.8943563545122742 120000
1695833810222 0.7973628372574846 124000
1695833857968 0.543093488117059 128000
1695833906659 0.49623937464008727 132000
1695833954286 0.8485982121899724 136000
1695834000812 0.7452713262910644 140000
1695834047982 0.6638011551151674 144000
1695834094584 0.5318391020099322 148000
1695834142061 0.7548915013050039 152000
1695834188910 0.702143797588845 156000
1695834235568 0.7771456635246674 160000
1695834282467 0.6658111125851671 164000
