1695832399449 0.023426539424205355 4000
1695832445172 0.00834123879346104 8000
1695832489807 0.005805997486337825 12000
1695832537099 0.022215025920498496 16000
1695832584100 0.012813302229430217 20000
1695832631196 0.011560166518756887 24000
1695832679688 0.0237174635680276 28000
1695832726741 0.010972128175975133 32000
1695832772973 0.028992057778668822 36000
1695832820254 0.031029336293189165 40000
1695832868019 0.00804780450562248 44000
1695832915356 0.012405712388378258 48000
1695832962419 0.015146194704963515 52000
1695833010724 0.014573191004456022 56000
1695833058650 0.017729645426394807 60000
1695833105571 0.02463196917378809 64000
1695833151841 0.008824016137805302 68000
1695833198245 0.01136360365320191 72000
1695833244709 0.0222347975805557 76000
1695833290834 0.017714509017726716 80000
1695833337058 0.020354013700853102 84000
1695833383620 0.021200964223923317 88000
1695833431508 0.0055199302868762365 92000
1695833480289 0.0067550184659921795 96000
1695833527784 0.010631203386340833 100000
1695833575495 0.019366362053309178 104000
1695833622227 0.010202989590591944 108000
1695833668834 0.0064503923100952916 112000
1695833716729 0.009116592396700677 116000
1695833763372 0.0026381555309247535 120000
1695833810221 0.012857779036858119 124000
1695833857967 0.01682591876233346 128000
1695833906658 0.01644419001774319 132000
1695833954285 0.005010985907210852 136000
1695834000811 0.014971883804537355 140000
1695834047981 0.011944464680103314 144000
1695834094583 0.015717696573604674 148000
1695834142060 0.008277176455643106 152000
1695834188910 0.008407933822794197 156000
1695834235567 0.008823263864420975 160000
1695834282466 0.006629893677139383 164000
