1695832489743 0.0 12000
1695832537037 0.0 16000
1695832584026 0.0 20000
1695832631126 0.0 24000
1695832679624 0.0 28000
1695832726677 0.0 32000
1695832772906 0.0 36000
1695832820185 0.0 40000
1695832867956 0.0 44000
1695832915293 0.0 48000
1695832962355 0.0 52000
1695833010656 0.0 56000
1695833058539 0.0 60000
1695833105506 0.0 64000
1695833151763 0.0 68000
1695833198165 0.0 72000
1695833244645 0.0 76000
1695833290770 0.0 80000
1695833336995 0.0 84000
1695833383540 0.0 88000
1695833431425 0.0 92000
1695833480206 0.0 96000
1695833527704 0.0 100000
1695833575418 0.0 104000
1695833622153 0.0 108000
1695833668766 0.0 112000
1695833716660 0.0 116000
1695833763296 0.0 120000
1695833810154 0.0 124000
1695833857849 0.0 128000
1695833906590 0.0 132000
1695833954214 0.0 136000
1695834000744 0.0 140000
1695834047906 0.0 144000
1695834094513 0.0 148000
1695834141994 0.0 152000
1695834188843 0.0 156000
1695834235502 0.0 160000
1695834282399 0.0 164000
