1695832489743 0.0 12000
1695832537037 0.0 16000
1695832584026 0.0 20000
1695832631126 0.0 24000
1695832679624 0.0 28000
1695832726677 0.0 32000
1695832772906 0.0 36000
1695832820185 0.0 40000
1695832867956 0.0 44000
1695832915293 0.0 48000
1695832962354 0.0 52000
1695833010655 0.0 56000
1695833058539 0.0 60000
1695833105491 0.0 64000
1695833151763 0.0 68000
1695833198165 0.0 72000
1695833244645 0.0 76000
1695833290770 0.0 80000
1695833336995 0.0 84000
1695833383540 0.0 88000
1695833431425 0.0 92000
1695833480206 0.0 96000
1695833527704 0.0 100000
1695833575416 0.0 104000
1695833622151 0.0 108000
1695833668764 0.0 112000
1695833716658 0.0 116000
1695833763294 0.0 120000
1695833810153 0.0 124000
1695833857847 0.0 128000
1695833906587 0.0 132000
1695833954212 0.0 136000
1695834000742 0.0 140000
1695834047905 0.0 144000
1695834094511 0.0 148000
1695834141992 0.0 152000
1695834188841 0.0 156000
1695834235500 0.0 160000
1695834282397 0.0 164000
