1695832489743 0.0 12000
1695832537037 0.0 16000
1695832584036 0.0 20000
1695832631133 0.0 24000
1695832679639 0.0 28000
1695832726677 0.0 32000
1695832772925 0.0 36000
1695832820201 0.0 40000
1695832867956 0.0 44000
1695832915293 0.0 48000
1695832962355 0.0 52000
1695833010664 0.0 56000
1695833058555 0.0 60000
1695833105506 0.0 64000
1695833151778 0.0 68000
1695833198165 0.0 72000
1695833244661 0.0 76000
1695833290770 0.0 80000
1695833336995 0.0 84000
1695833383556 0.0 88000
1695833431441 0.0 92000
1695833480222 0.0 96000
1695833527720 0.0 100000
1695833575428 0.0 104000
1695833622161 0.0 108000
1695833668774 0.0 112000
1695833716668 0.0 116000
1695833763305 0.0 120000
1695833810163 0.0 124000
1695833857857 0.0 128000
1695833906598 0.0 132000
1695833954222 0.0 136000
1695834000752 0.0 140000
1695834047920 0.0 144000
1695834094521 0.0 148000
1695834142002 0.0 152000
1695834188851 0.0 156000
1695834235510 0.0 160000
1695834282407 0.0 164000
