1695832489743 0.0 12000
1695832537037 0.0 16000
1695832584036 0.0 20000
1695832631133 0.0 24000
1695832679639 0.0 28000
1695832726677 0.0 32000
1695832772923 0.0 36000
1695832820201 0.0 40000
1695832867956 0.0 44000
1695832915293 0.0 48000
1695832962355 0.0 52000
1695833010663 0.0 56000
1695833058555 0.0 60000
1695833105506 0.0 64000
1695833151778 0.0 68000
1695833198165 0.0 72000
1695833244645 0.0 76000
1695833290770 0.0 80000
1695833336995 0.0 84000
1695833383556 0.0 88000
1695833431425 0.0 92000
1695833480222 0.0 96000
1695833527720 0.0 100000
1695833575426 0.0 104000
1695833622160 0.0 108000
1695833668772 0.0 112000
1695833716666 0.0 116000
1695833763303 0.0 120000
1695833810161 0.0 124000
1695833857855 0.0 128000
1695833906596 0.0 132000
1695833954221 0.0 136000
1695834000750 0.0 140000
1695834047918 0.0 144000
1695834094519 0.0 148000
1695834142000 0.0 152000
1695834188850 0.0 156000
1695834235508 0.0 160000
1695834282405 0.0 164000
