1695827606549 0.0 8000
1695827652018 0.0 12000
1695827698514 0.0 16000
1695827745407 0.0 20000
1695827791890 0.0 24000
1695827839122 0.0 28000
1695827885831 0.0 32000
1695827933010 0.0 36000
1695827979164 0.0 40000
1695828025064 0.0 44000
1695828071822 0.0 48000
1695828118271 0.0 52000
1695828164138 0.0 56000
1695828210699 0.0 60000
1695828256849 0.0 64000
1695828305359 0.0 68000
1695828351964 0.0 72000
1695828397821 0.0 76000
1695828444852 0.0 80000
1695828491252 0.0 84000
1695828537923 0.0 88000
1695828583970 0.0 92000
1695828631880 0.0 96000
1695828678587 0.0 100000
1695828725386 0.0 104000
1695828771305 0.0 108000
1695828818070 0.0 112000
1695828865218 0.0 116000
1695828911222 0.0 120000
1695828957879 0.0 124000
1695829004665 0.0 128000
1695829052064 0.0 132000
1695829099042 0.0 136000
1695829146172 0.0 140000
1695829193244 0.0 144000
1695829239778 0.0 148000
1695829287304 0.0 152000
1695829334664 0.0 156000
1695829382804 0.0 160000
1695829431022 0.0 164000
