1695832489568 1.0 12000
1695832536877 1.0 16000
1695832583877 1.0 20000
1695832630940 1.0 24000
1695832679466 1.0 28000
1695832726503 1.0 32000
1695832772746 1.0 36000
1695832820027 1.0 40000
1695832867781 1.0 44000
1695832915133 1.0 48000
1695832962171 1.0 52000
1695833010502 1.0 56000
1695833058381 1.0 60000
1695833105348 1.0 64000
1695833151619 1.0 68000
1695833198006 1.0 72000
1695833244486 1.0 76000
1695833290595 1.0 80000
1695833336820 1.0 84000
1695833383381 1.0 88000
1695833431266 1.0 92000
1695833480041 1.0 96000
1695833527555 1.0 100000
1695833575252 1.0 104000
1695833621994 1.0 108000
1695833668609 1.0 112000
1695833716504 1.0 116000
1695833763140 1.0 120000
1695833810000 1.0 124000
1695833857688 1.0 128000
1695833906428 1.0 132000
1695833954057 1.0 136000
1695834000580 1.0 140000
1695834047753 1.0 144000
1695834094355 1.0 148000
1695834141841 1.0 152000
1695834188684 1.0 156000
1695834235346 1.0 160000
1695834282238 1.0 164000
