1695832489568 1.0 12000
1695832536877 0.18181818181818182 16000
1695832583862 0.18181818181818182 20000
1695832630940 0.3076923076923077 24000
1695832679466 0.19047619047619047 28000
1695832726503 0.19047619047619047 32000
1695832772746 0.28 36000
1695832820027 0.25 40000
1695832867781 0.25 44000
1695832915133 0.25 48000
1695832962167 0.24390243902439024 52000
1695833010500 0.23809523809523808 56000
1695833058381 0.24444444444444444 60000
1695833105348 0.23529411764705882 64000
1695833151603 0.24528301886792453 68000
1695833198006 0.2631578947368421 72000
1695833244486 0.26229508196721313 76000
1695833290595 0.265625 80000
1695833336820 0.2608695652173913 84000
1695833383381 0.28378378378378377 88000
1695833431266 0.2857142857142857 92000
1695833480041 0.2875 96000
1695833527555 0.2926829268292683 100000
1695833575250 0.27586206896551724 104000
1695833621993 0.2826086956521739 108000
1695833668607 0.2765957446808511 112000
1695833716503 0.26804123711340205 116000
1695833763138 0.26 120000
1695833809998 0.25 124000
1695833857686 0.25 128000
1695833906427 0.25 132000
1695833954055 0.24 136000
1695834000578 0.24 140000
1695834047751 0.26 144000
1695834094353 0.25 148000
1695834141839 0.25 152000
1695834188682 0.24 156000
1695834235344 0.24 160000
1695834282236 0.24 164000
