1695832489568 0.0 12000
1695832536877 0.0 16000
1695832583877 0.0 20000
1695832630956 0.0 24000
1695832679482 0.0 28000
1695832726518 0.0 32000
1695832772762 0.0 36000
1695832820042 0.0 40000
1695832867781 0.0 44000
1695832915149 0.0 48000
1695832962181 0.0 52000
1695833010508 0.0 56000
1695833058396 0.0 60000
1695833105348 0.0 64000
1695833151619 0.0 68000
1695833198006 0.0 72000
1695833244502 0.0 76000
1695833290612 0.0 80000
1695833336835 0.0 84000
1695833383397 0.0 88000
1695833431266 0.0 92000
1695833480056 0.0 96000
1695833527561 0.0 100000
1695833575261 0.0 104000
1695833622001 0.0 108000
1695833668615 0.0 112000
1695833716511 0.0 116000
1695833763147 0.0 120000
1695833810007 0.0 124000
1695833857694 0.0 128000
1695833906435 0.0 132000
1695833954063 0.0 136000
1695834000587 0.0 140000
1695834047759 0.0 144000
1695834094361 0.0 148000
1695834141848 0.0 152000
1695834188690 0.0 156000
1695834235353 0.0 160000
1695834282245 0.0 164000
