1695832489568 0.0 12000
1695832536877 0.0 16000
1695832583877 0.0 20000
1695832630956 0.0 24000
1695832679466 0.0 28000
1695832726503 0.0 32000
1695832772762 0.0 36000
1695832820027 0.0 40000
1695832867781 0.0 44000
1695832915133 0.0 48000
1695832962177 0.0 52000
1695833010505 0.0 56000
1695833058396 0.0 60000
1695833105348 0.0 64000
1695833151619 0.0 68000
1695833198006 0.0 72000
1695833244486 0.0 76000
1695833290612 0.0 80000
1695833336835 0.0 84000
1695833383381 0.0 88000
1695833431266 0.0 92000
1695833480056 0.0 96000
1695833527561 0.0 100000
1695833575258 0.0 104000
1695833621998 0.0 108000
1695833668613 0.0 112000
1695833716508 0.0 116000
1695833763144 0.0 120000
1695833810004 0.0 124000
1695833857691 0.0 128000
1695833906432 0.0 132000
1695833954060 0.0 136000
1695834000584 0.0 140000
1695834047756 0.0 144000
1695834094358 0.0 148000
1695834141845 0.0 152000
1695834188688 0.0 156000
1695834235350 0.0 160000
1695834282242 0.0 164000
