1695836266565 1.7672836050000134 16000
1695836314157 1.7672836050000134 20000
1695836360645 1.7672836050000134 24000
1695836417938 1.7672836050000134 28000
1695836468614 1.7672836050000134 32000
1695836516378 1.7672836050000134 36000
1695836563010 1.7672836050000134 40000
1695836609862 1.7672836050000134 44000
1695836657142 1.7672836050000134 48000
1695836704697 1.7672836050000134 52000
1695836751565 1.7672836050000134 56000
1695836798773 1.885693237816183 60000
1695836847016 1.885693237816183 64000
1695836894652 1.885693237816183 68000
1695836941851 1.885693237816183 72000
1695836989123 1.885693237816183 76000
1695837036051 1.885693237816183 80000
1695837083383 1.885693237816183 84000
1695837129681 1.885693237816183 88000
1695837177225 1.885693237816183 92000
1695837225450 1.885693237816183 96000
1695837273011 1.885693237816183 100000
1695837319290 1.885693237816183 104000
1695837366037 1.885693237816183 108000
1695837413559 1.885693237816183 112000
1695837464418 1.9636932378161749 116000
1695837514613 1.9636932378161749 120000
1695837563437 1.9636932378161749 124000
1695837610615 1.9636932378161749 128000
1695837658335 1.9636932378161749 132000
1695837706050 1.9636932378161749 136000
1695837753533 1.9636932378161749 140000
1695837803733 1.9636932378161749 144000
1695837852105 1.9636932378161749 148000
1695837899889 1.9636932378161749 152000
1695837947062 1.9636932378161749 156000
1695837993972 1.9636932378161749 160000
1695838041508 1.9636932378161749 164000
1695838089605 1.9636932378161749 168000
1695838138675 1.9636932378161749 172000
1695838190519 1.9636932378161749 176000
