1695836266565 1.7052836050000149 16000
1695836314157 1.7052836050000149 20000
1695836360645 1.7052836050000149 24000
1695836417938 1.8909346144425985 28000
1695836468599 1.8909346144425985 32000
1695836516378 2.2055369878161795 36000
1695836563010 2.2055369878161795 40000
1695836609862 2.2055369878161795 44000
1695836657142 2.2055369878161795 48000
1695836704697 2.2055369878161795 52000
1695836751565 2.2055369878161795 56000
1695836798773 2.2055369878161795 60000
1695836847015 2.2055369878161795 64000
1695836894652 2.2055369878161795 68000
1695836941851 2.2055369878161795 72000
1695836989123 2.215911987816173 76000
1695837036051 2.215911987816173 80000
1695837083383 2.215911987816173 84000
1695837129681 2.215911987816173 88000
1695837177225 2.215911987816173 92000
1695837225450 2.215911987816173 96000
1695837273010 2.345255737816171 100000
1695837319290 2.345255737816171 104000
1695837366037 2.345255737816171 108000
1695837413559 2.345255737816171 112000
1695837464418 2.345255737816171 116000
1695837514613 2.345255737816171 120000
1695837563437 2.345255737816171 124000
1695837610615 2.345255737816171 128000
1695837658335 2.345255737816171 132000
1695837706050 2.345255737816171 136000
1695837753533 2.345255737816171 140000
1695837803733 2.345255737816171 144000
1695837852105 2.345255737816171 148000
1695837899889 2.345255737816171 152000
1695837947062 2.345255737816171 156000
1695837993957 2.345255737816171 160000
1695838041508 2.345255737816171 164000
1695838089605 2.345255737816171 168000
1695838138675 2.345255737816171 172000
1695838190518 2.345255737816171 176000
