1695836126070 0.0 4000
1695836171584 0.0 8000
1695836219035 0.0 12000
1695836266663 0.0 16000
1695836314257 0.0 20000
1695836360744 0.0 24000
1695836418049 0.0 28000
1695836468694 0.0 32000
1695836516458 0.0 36000
1695836563090 0.0 40000
1695836609942 0.0 44000
1695836657229 0.0 48000
1695836704776 0.0 52000
1695836751659 0.0 56000
1695836798864 0.0 60000
1695836847112 0.0 64000
1695836894748 0.0 68000
1695836941929 0.0 72000
1695836989219 0.0 76000
1695837036143 0.0 80000
1695837083478 0.0 84000
1695837129761 0.0 88000
1695837177321 0.0 92000
1695837225551 0.0 96000
1695837273101 0.0 100000
1695837319386 0.0 104000
1695837366138 0.0 108000
1695837413658 0.0 112000
1695837464518 0.0 116000
1695837514713 0.0 120000
1695837563518 0.0 124000
1695837610711 0.0 128000
1695837658432 0.0 132000
1695837706145 0.0 136000
1695837753641 0.0 140000
1695837803827 0.0 144000
1695837852201 0.0 148000
1695837899969 0.0 152000
1695837947157 0.0 156000
1695837994051 0.0 160000
1695838041604 0.0 164000
1695838089700 0.0 168000
1695838138773 0.0 172000
1695838190612 0.0 176000
