1695836126072 0.20000000000000004 4000
1695836171584 0.20000000000000004 8000
1695836219037 0.20000000000000004 12000
1695836266677 0.20000000000000004 16000
1695836314260 0.20000000000000004 20000
1695836360744 0.20000000000000004 24000
1695836418049 0.20000000000000004 28000
1695836468694 0.20000000000000004 32000
1695836516474 0.20000000000000004 36000
1695836563090 0.20000000000000004 40000
1695836609942 0.20000000000000004 44000
1695836657229 0.20000000000000004 48000
1695836704776 0.20000000000000004 52000
1695836751675 0.20000000000000004 56000
1695836798870 0.20000000000000004 60000
1695836847114 0.20000000000000004 64000
1695836894748 0.20000000000000004 68000
1695836941946 0.20000000000000004 72000
1695836989219 0.20000000000000004 76000
1695837036145 0.20000000000000004 80000
1695837083479 0.20000000000000004 84000
1695837129777 0.20000000000000004 88000
1695837177321 0.20000000000000004 92000
1695837225553 0.20000000000000004 96000
1695837273103 0.20000000000000004 100000
1695837319386 0.20000000000000004 104000
1695837366138 0.20000000000000004 108000
1695837413659 0.20000000000000004 112000
1695837464518 0.20000000000000004 116000
1695837514715 0.20000000000000004 120000
1695837563533 0.20000000000000004 124000
1695837610711 0.20000000000000004 128000
1695837658432 0.20000000000000004 132000
1695837706145 0.20000000000000004 136000
1695837753643 0.20000000000000004 140000
1695837803827 0.20000000000000004 144000
1695837852201 0.20000000000000004 148000
1695837899969 0.20000000000000004 152000
1695837947157 0.20000000000000004 156000
1695837994051 0.20000000000000004 160000
1695838041604 0.20000000000000004 164000
1695838089700 0.20000000000000004 168000
1695838138773 0.20000000000000004 172000
1695838190614 0.20000000000000004 176000
