1695836126074 5.0000000000000016e-05 4000
1695836171584 5.0000000000000016e-05 8000
1695836219038 5.0000000000000016e-05 12000
1695836266677 5.0000000000000016e-05 16000
1695836314261 5.0000000000000016e-05 20000
1695836360744 5.0000000000000016e-05 24000
1695836418049 5.0000000000000016e-05 28000
1695836468694 5.0000000000000016e-05 32000
1695836516474 5.0000000000000016e-05 36000
1695836563090 5.0000000000000016e-05 40000
1695836609942 5.0000000000000016e-05 44000
1695836657229 5.0000000000000016e-05 48000
1695836704792 5.0000000000000016e-05 52000
1695836751676 5.0000000000000016e-05 56000
1695836798871 5.0000000000000016e-05 60000
1695836847115 5.0000000000000016e-05 64000
1695836894748 5.0000000000000016e-05 68000
1695836941946 5.0000000000000016e-05 72000
1695836989219 5.0000000000000016e-05 76000
1695837036145 5.0000000000000016e-05 80000
1695837083479 5.0000000000000016e-05 84000
1695837129777 5.0000000000000016e-05 88000
1695837177321 5.0000000000000016e-05 92000
1695837225553 5.0000000000000016e-05 96000
1695837273104 5.0000000000000016e-05 100000
1695837319386 5.0000000000000016e-05 104000
1695837366138 5.0000000000000016e-05 108000
1695837413659 5.0000000000000016e-05 112000
1695837464518 5.0000000000000016e-05 116000
1695837514716 5.0000000000000016e-05 120000
1695837563533 5.0000000000000016e-05 124000
1695837610711 5.0000000000000016e-05 128000
1695837658432 5.0000000000000016e-05 132000
1695837706149 5.0000000000000016e-05 136000
1695837753644 5.0000000000000016e-05 140000
1695837803827 5.0000000000000016e-05 144000
1695837852201 5.0000000000000016e-05 148000
1695837899969 5.0000000000000016e-05 152000
1695837947157 5.0000000000000016e-05 156000
1695837994051 5.0000000000000016e-05 160000
1695838041604 5.0000000000000016e-05 164000
1695838089700 5.0000000000000016e-05 168000
1695838138773 5.0000000000000016e-05 172000
1695838190615 5.0000000000000016e-05 176000
