1695836126081 0.0010000000000000005 4000
1695836171600 0.0010000000000000005 8000
1695836219046 0.0010000000000000005 12000
1695836266677 0.0010000000000000005 16000
1695836314267 0.0010000000000000005 20000
1695836360744 0.0010000000000000005 24000
1695836418049 0.0010000000000000005 28000
1695836468710 0.0010000000000000005 32000
1695836516474 0.0010000000000000005 36000
1695836563106 0.0010000000000000005 40000
1695836609957 0.0010000000000000005 44000
1695836657245 0.0010000000000000005 48000
1695836704792 0.0010000000000000005 52000
1695836751677 0.0010000000000000005 56000
1695836798878 0.0010000000000000005 60000
1695836847122 0.0010000000000000005 64000
1695836894764 0.0010000000000000005 68000
1695836941946 0.0010000000000000005 72000
1695836989234 0.0010000000000000005 76000
1695837036145 0.0010000000000000005 80000
1695837083479 0.0010000000000000005 84000
1695837129777 0.0010000000000000005 88000
1695837177337 0.0010000000000000005 92000
1695837225560 0.0010000000000000005 96000
1695837273110 0.0010000000000000005 100000
1695837319401 0.0010000000000000005 104000
1695837366138 0.0010000000000000005 108000
1695837413659 0.0010000000000000005 112000
1695837464528 0.0010000000000000005 116000
1695837514721 0.0010000000000000005 120000
1695837563533 0.0010000000000000005 124000
1695837610711 0.0010000000000000005 128000
1695837658432 0.0010000000000000005 132000
1695837706150 0.0010000000000000005 136000
1695837753648 0.0010000000000000005 140000
1695837803827 0.0010000000000000005 144000
1695837852216 0.0010000000000000005 148000
1695837899984 0.0010000000000000005 152000
1695837947157 0.0010000000000000005 156000
1695837994068 0.0010000000000000005 160000
1695838041604 0.0010000000000000005 164000
1695838089700 0.0010000000000000005 168000
1695838138773 0.0010000000000000005 172000
1695838190624 0.0010000000000000005 176000
