1695836126081 1.9341197154174248 4000
1695836171600 1.900103993092974 8000
1695836219044 1.88880965312322 12000
1695836266677 1.8594891571750243 16000
1695836314266 1.8294209562242032 20000
1695836360744 1.8208688440422216 24000
1695836418049 1.8040714882314206 28000
1695836468710 1.817199203123649 32000
1695836516474 1.808599416166544 36000
1695836563106 1.7826037883758545 40000
1695836609957 1.7752287746717532 44000
1695836657245 1.7376233203957479 48000
1695836704792 1.7261906759192547 52000
1695836751677 1.7248580453296503 56000
1695836798877 1.7005309004336595 60000
1695836847121 1.6627926234155894 64000
1695836894764 1.633941319709023 68000
1695836941946 1.635680731634299 72000
1695836989219 1.6845241523037353 76000
1695837036145 1.680145978430907 80000
1695837083479 1.6440693140029907 84000
1695837129777 1.5804496520509324 88000
1695837177337 1.579522814353307 92000
1695837225559 1.5463591319819292 96000
1695837273109 1.5356469144423803 100000
1695837319401 1.5260593886176745 104000
1695837366138 1.5408580890546242 108000
1695837413659 1.533463811998566 112000
1695837464528 1.5148878024270138 116000
1695837514721 1.4409030412634214 120000
1695837563533 1.4053466821710268 124000
1695837610711 1.464924787854155 128000
1695837658432 1.384698479498426 132000
1695837706150 1.2858660123000543 136000
1695837753648 1.3538885470479727 140000
1695837803827 1.357240724687775 144000
1695837852216 1.3118383392691613 148000
1695837899984 1.2920256849378347 152000
1695837947157 1.3052739293624958 156000
1695837994068 1.2551074924568335 160000
1695838041604 1.284980380286773 164000
1695838089700 1.2734320532530545 168000
1695838138773 1.1944803583125274 172000
1695838190623 1.2175327868511279 176000
