1695836126071 0.5981383169690768 4000
1695836171584 0.8083322272325556 8000
1695836219036 0.8569201278189819 12000
1695836266663 0.9780071423389017 16000
1695836314259 1.0158487744629383 20000
1695836360744 1.0180618075964352 24000
1695836418049 1.1050229693762958 28000
1695836468694 1.09097862187773 32000
1695836516458 1.1486234201739232 36000
1695836563090 1.1484650700353085 40000
1695836609942 1.1751532981793085 44000
1695836657229 1.0240926446082692 48000
1695836704776 1.1580176526680588 52000
1695836751659 1.1519866298884154 56000
1695836798864 1.1402875755913555 60000
1695836847113 1.1811286561501524 64000
1695836894748 1.2790326897365352 68000
1695836941945 1.3132817323009174 72000
1695836989219 1.3080776578436295 76000
1695837036143 1.3139702678037186 80000
1695837083479 1.3334738241819044 84000
1695837129776 1.4246989389881493 88000
1695837177321 1.235980060355117 92000
1695837225552 1.2516791245589654 96000
1695837273102 1.219424042198807 100000
1695837319386 1.3238610139737526 104000
1695837366138 1.2099114374257625 108000
1695837413659 1.3506414268165827 112000
1695837464518 1.316981737067302 116000
1695837514714 1.3792511251444617 120000
1695837563532 1.3106985501324138 124000
1695837610711 1.2267580686602741 128000
1695837658432 1.4782497191801667 132000
1695837706145 1.4062141133472323 136000
1695837753642 1.5087239597924054 140000
1695837803827 1.4412687418982386 144000
1695837852201 1.3155496052155893 148000
1695837899969 1.1980981115872662 152000
1695837947157 1.2789431427139788 156000
1695837994051 1.3632856780352691 160000
1695838041604 1.394266782483707 164000
1695838089700 1.4177845258886614 168000
1695838138773 1.407080718378226 172000
1695838190613 1.4434129630525907 176000
