1695836126079 0.01194427401017852 4000
1695836171600 0.01437046239391477 8000
1695836219043 0.009622632185941123 12000
1695836266677 0.012841028265548005 16000
1695836314266 0.011027803735374764 20000
1695836360744 0.012544650251516274 24000
1695836418049 0.013443909836291188 28000
1695836468710 0.010143457024355011 32000
1695836516474 0.011046388879708028 36000
1695836563106 0.011409400245011669 40000
1695836609957 0.011808013321565006 44000
1695836657245 0.010457754481953274 48000
1695836704792 0.011743537840023568 52000
1695836751677 0.01124682664872222 56000
1695836798876 0.01181964746651572 60000
1695836847120 0.010066632617260835 64000
1695836894764 0.009389644576956317 68000
1695836941946 0.011869321953876015 72000
1695836989219 0.014062035342089985 76000
1695837036145 0.012421430628168277 80000
1695837083479 0.01003048858909813 84000
1695837129777 0.014512140041045996 88000
1695837177321 0.010777375131214417 92000
1695837225558 0.01369817431536611 96000
1695837273108 0.009312227806319547 100000
1695837319401 0.010138842536193684 104000
1695837366138 0.011489914010446967 108000
1695837413659 0.010838753579314242 112000
1695837464528 0.01442381741891386 116000
1695837514721 0.009876556703364424 120000
1695837563533 0.011685719716445338 124000
1695837610711 0.011022413350013215 128000
1695837658432 0.009883611808325199 132000
1695837706150 0.009756464858938446 136000
1695837753648 0.008423521591403206 140000
1695837803827 0.012972433250910484 144000
1695837852216 0.011072400209751705 148000
1695837899984 0.011198929056619006 152000
1695837947157 0.009928435933638924 156000
1695837994068 0.009189318334156756 160000
1695838041604 0.011048294654257345 164000
1695838089700 0.009202144097342501 168000
1695838138773 0.008991294706373047 172000
1695838190622 0.00863549798568339 176000
