1695836126076 -0.017159039732359816 4000
1695836171584 -0.019509076258691492 8000
1695836219040 -0.014642489523491046 12000
1695836266677 -0.020137603086186572 16000
1695836314263 -0.01917694113823624 20000
1695836360744 -0.01920201723163094 24000
1695836418049 -0.021860628872188197 28000
1695836468694 -0.016595882571467276 32000
1695836516474 -0.017998622901601872 36000
1695836563090 -0.017165620211259617 40000
1695836609942 -0.017050483369772943 44000
1695836657245 -0.020481228868690474 48000
1695836704792 -0.0183313553755094 52000
1695836751677 -0.015762478675848495 56000
1695836798873 -0.0163752931836522 60000
1695836847117 -0.021038971512462014 64000
1695836894748 -0.016838829894550145 68000
1695836941946 -0.022017815639749947 72000
1695836989219 -0.026431083982364118 76000
1695837036145 -0.019665751475743794 80000
1695837083479 -0.017414184777832513 84000
1695837129777 -0.023567322860859954 88000
1695837177321 -0.012691864742616113 92000
1695837225556 -0.021778241636638995 96000
1695837273106 -0.015936566157082173 100000
1695837319401 -0.015936149041954194 104000
1695837366138 -0.020853358646369693 108000
1695837413659 -0.016798457948607393 112000
1695837464528 -0.019433482166884158 116000
1695837514718 -0.017536416056585343 120000
1695837563533 -0.01957736177816211 124000
1695837610711 -0.016353325974584245 128000
1695837658432 -0.01341931418379924 132000
1695837706150 -0.014460845688639286 136000
1695837753646 -0.01174928500089057 140000
1695837803827 -0.01635171193969048 144000
1695837852201 -0.018359333682504562 148000
1695837899969 -0.015339663197179713 152000
1695837947157 -0.011769501379361221 156000
1695837994066 -0.023198859095039857 160000
1695838041604 -0.02198555574771793 164000
1695838089700 -0.01913098886749746 168000
1695838138773 -0.01755857535317773 172000
1695838190616 -0.013556457765662343 176000
