1695836126075 -0.00565183040695653 4000
1695836171584 -0.016601419972236423 8000
1695836219039 -0.01402286964233402 12000
1695836266677 -0.014372004960750927 16000
1695836314262 -0.017404093677638836 20000
1695836360744 -0.018282799536852204 24000
1695836418049 -0.01788291689893716 28000
1695836468694 -0.01538364051005677 32000
1695836516474 -0.017061762727583602 36000
1695836563090 -0.014069433694870289 40000
1695836609942 -0.016103947343556985 44000
1695836657245 -0.01923608482702548 48000
1695836704792 -0.01678077289519327 52000
1695836751676 -0.014895721873108414 56000
1695836798872 -0.01522632744126895 60000
1695836847116 -0.020207612372541917 64000
1695836894748 -0.016199231202335795 68000
1695836941946 -0.020542736971522875 72000
1695836989219 -0.024946907549140935 76000
1695837036145 -0.017698296371903174 80000
1695837083479 -0.016454532092992243 84000
1695837129777 -0.022041061552348157 88000
1695837177321 -0.01055966791160851 92000
1695837225555 -0.02024722866153752 96000
1695837273105 -0.013221737772134172 100000
1695837319401 -0.014897585831931792 104000
1695837366138 -0.01978166450353456 108000
1695837413659 -0.013879790612797175 112000
1695837464528 -0.01772472396575419 116000
1695837514717 -0.016813978561549446 120000
1695837563533 -0.018436837523404394 124000
1695837610711 -0.0112930354813822 128000
1695837658432 -0.012438945699007794 132000
1695837706150 -0.01337917349737836 136000
1695837753645 -0.010602986409382235 140000
1695837803827 -0.014956397140243402 144000
1695837852201 -0.017242994879294808 148000
1695837899969 -0.014268538967007771 152000
1695837947157 -0.01085469563464964 156000
1695837994051 -0.02138227880386694 160000
1695838041604 -0.020679072079777445 164000
1695838089700 -0.01839241199377284 168000
1695838138773 -0.016850589136023095 172000
1695838190615 -0.01296930941980463 176000
