1695836126078 0.003975573182106018 4000
1695836171600 0.24300090484321119 8000
1695836219042 0.02708209411551555 12000
1695836266677 0.3520880668113629 16000
1695836314265 0.4654765411590536 20000
1695836360744 0.3515239429349701 24000
1695836418049 0.5144913849731286 28000
1695836468710 0.4504795163869858 32000
1695836516474 0.5602739577492079 36000
1695836563090 0.6448065408195058 40000
1695836609957 0.33821273054927586 44000
1695836657245 0.7071803397809465 48000
1695836704792 0.8240689512963096 52000
1695836751677 0.2878091178834438 56000
1695836798875 0.7492326453328133 60000
1695836847119 0.8737352710838119 64000
1695836894748 0.7432494085902969 68000
1695836941946 0.8621070396155119 72000
1695836989219 0.8002557421724001 76000
1695837036145 0.7623784450193246 80000
1695837083479 0.8086634478842218 84000
1695837129777 0.9155180639276902 88000
1695837177321 0.6317751453568538 92000
1695837225557 0.6889729073892037 96000
1695837273107 0.7755636486535271 100000
1695837319401 0.7028852296372254 104000
1695837366138 0.7454455791662137 108000
1695837413659 0.7334037053088347 112000
1695837464528 0.5954078707223137 116000
1695837514719 0.8170624290903409 120000
1695837563533 0.9222257649526 124000
1695837610711 0.41764428137491144 128000
1695837658432 0.5373709126065175 132000
1695837706150 0.7641382141038775 136000
1695837753648 0.7679287491366267 140000
1695837803827 0.7896831231812637 144000
1695837852216 0.9302135745684306 148000
1695837899969 0.5675689571847519 152000
1695837947157 0.8049433955301841 156000
1695837994068 0.6914124155417085 160000
1695838041604 0.7474717377995451 164000
1695838089700 0.8593294215078155 168000
1695838138773 0.804797985466818 172000
1695838190619 0.3905529990171393 176000
