1695836126077 0.022104948407407694 4000
1695836171584 0.0038673370798884815 8000
1695836219041 0.001167806832260491 12000
1695836266677 0.010113763251865748 16000
1695836314264 0.0027934154697504708 20000
1695836360744 0.0004623131596569389 24000
1695836418049 0.006186002259831487 28000
1695836468710 0.0020014999307628994 32000
1695836516474 0.0010723632935272084 36000
1695836563090 0.005193819530177279 40000
1695836609942 0.0007203255610875204 44000
1695836657245 0.001782432444724691 48000
1695836704792 0.0018561317669385366 52000
1695836751677 0.0006844989362434717 56000
1695836798874 0.0009711341587262723 60000
1695836847118 0.0009616517946900179 64000
1695836894748 0.0007912220756679744 68000
1695836941946 0.0014737897974858546 72000
1695836989219 0.0007125864786909612 76000
1695837036145 0.002326629877901117 80000
1695837083479 0.0011952502884014394 84000
1695837129777 0.00040856647867713034 88000
1695837177321 0.0031124903425734374 92000
1695837225556 0.0006754750180865206 96000
1695837273106 0.004776058889425864 100000
1695837319401 0.0010737079143230707 104000
1695837366138 0.0006291389645411982 108000
1695837413659 0.004568760772720755 112000
1695837464528 0.0006777648982430643 116000
1695837514719 0.00037605853048982375 120000
1695837563533 0.00041745327700937196 124000
1695837610711 0.00864146380757423 128000
1695837658432 0.0007766898458839933 132000
1695837706150 0.0008324907803550256 136000
1695837753647 0.001630966222137431 140000
1695837803827 0.0003161373580496729 144000
1695837852216 0.0004273963960827132 148000
1695837899969 0.0002467279827631804 152000
1695837947157 0.0004687842645997383 156000
1695837994067 0.0024676485115226873 160000
1695838041604 0.0007636090628769429 164000
1695838089700 0.00034316062645226947 168000
1695838138773 0.0002084155021255659 172000
1695838190618 0.0001551631396675172 176000
