1695839581299 4000.0 4000
1695839613965 8000.0 8000
1695839646132 12000.0 12000
1695839677982 16000.0 16000
1695839711477 20000.0 20000
1695839744739 24000.0 24000
1695839779249 28000.0 28000
1695839813897 32000.0 32000
1695839850576 36000.0 36000
1695839886410 40000.0 40000
1695839923930 44000.0 44000
1695839959648 48000.0 48000
1695839995789 52000.0 52000
1695840030991 56000.0 56000
1695840065078 60000.0 60000
1695840100294 64000.0 64000
1695840134418 68000.0 68000
1695840168965 72000.0 72000
1695840204544 76000.0 76000
1695840239970 80000.0 80000
1695840276797 84000.0 84000
1695840312859 88000.0 88000
1695840348228 92000.0 92000
1695840382392 96000.0 96000
1695840416354 100000.0 100000
1695840451322 104000.0 104000
1695840486038 108000.0 108000
1695840521073 112000.0 112000
1695840555209 116000.0 116000
1695840589164 120000.0 120000
