1695832489599 1.2200000000000044 12000
1695832536910 1.735283605000012 16000
1695832583909 1.735283605000012 20000
1695832630989 1.735283605000012 24000
1695832679497 1.861103033544067 28000
1695832726534 1.861103033544067 32000
1695832772787 1.8796932378161828 36000
1695832820058 1.9639346144425949 40000
1695832867813 1.9639346144425949 44000
1695832915165 1.9639346144425949 48000
1695832962214 1.9639346144425949 52000
1695833010533 1.9639346144425949 56000
1695833058421 1.9639346144425949 60000
1695833105380 1.9639346144425949 64000
1695833151651 1.9639346144425949 68000
1695833198037 1.9639346144425949 72000
1695833244517 1.9639346144425949 76000
1695833290627 1.9639346144425949 80000
1695833336867 1.9639346144425949 84000
1695833383413 1.9639346144425949 88000
1695833431298 1.9639346144425949 92000
1695833480072 1.9639346144425949 96000
1695833527577 1.9639346144425949 100000
1695833575287 1.9639346144425949 104000
1695833622026 1.9639346144425949 108000
1695833668642 1.9639346144425949 112000
1695833716536 1.9639346144425949 116000
1695833763172 1.9639346144425949 120000
1695833810032 1.9639346144425949 124000
1695833857721 1.9639346144425949 128000
1695833906460 1.9639346144425949 132000
1695833954090 1.9639346144425949 136000
1695834000613 1.9639346144425949 140000
1695834047785 1.9639346144425949 144000
1695834094388 1.9639346144425949 148000
1695834141872 1.9639346144425949 152000
1695834188719 1.9526932378161757 156000
1695834235378 1.9526932378161757 160000
1695834282270 1.9526932378161757 164000
