1695832489599 0.1480468749999999 12000
1695832536910 0.6970625 16000
1695832583909 0.6970625 20000
1695832630989 0.6970625 24000
1695832679497 0.6970625 28000
1695832726534 0.6970625 32000
1695832772787 0.6970625 36000
1695832820058 0.81928125 40000
1695832867813 0.81928125 44000
1695832915165 0.81928125 48000
1695832962213 0.81928125 52000
1695833010532 0.81928125 56000
1695833058421 0.81928125 60000
1695833105380 0.81928125 64000
1695833151650 0.81928125 68000
1695833198037 0.81928125 72000
1695833244517 0.81928125 76000
1695833290627 0.81928125 80000
1695833336867 0.81928125 84000
1695833383413 0.81928125 88000
1695833431298 0.81928125 92000
1695833480072 0.81928125 96000
1695833527577 0.81928125 100000
1695833575287 0.81928125 104000
1695833622025 0.84834375 108000
1695833668641 0.84834375 112000
1695833716535 0.84834375 116000
1695833763172 0.84834375 120000
1695833810031 0.84834375 124000
1695833857720 0.84834375 128000
1695833906459 0.84834375 132000
1695833954089 0.84834375 136000
1695834000612 0.84834375 140000
1695834047784 0.84834375 144000
1695834094387 0.84834375 148000
1695834141871 0.84834375 152000
1695834188718 0.84834375 156000
1695834235377 0.84834375 160000
1695834282269 0.84834375 164000
